[gd_scene load_steps=14 format=3 uid="uid://dmgg362jopmyu"]

[ext_resource type="MeshLibrary" uid="uid://gq4fld82vs" path="res://TileMap/baseMeshLibrary.tres" id="1_dcilo"]
[ext_resource type="Texture2D" uid="uid://dw6xpsuox7yq7" path="res://sprites/décors/Tree 2.png" id="2_dpspt"]
[ext_resource type="Texture2D" uid="uid://daojphhyo5bvd" path="res://sprites/flowers/Plante-2.png" id="3_cbtcu"]
[ext_resource type="Texture2D" uid="uid://mjw7fhqfw3rj" path="res://sprites/barriere/Barriere-1.png" id="4_u3ty1"]
[ext_resource type="Texture2D" uid="uid://osi4lbddnjt7" path="res://sprites/barriere/Barriere-4.png" id="5_kjwe6"]
[ext_resource type="Script" path="res://script/music/music_layer.gd" id="6_eoe7f"]

[sub_resource type="BoxShape3D" id="BoxShape3D_yqda7"]

[sub_resource type="BoxShape3D" id="BoxShape3D_7sqdn"]

[sub_resource type="BoxShape3D" id="BoxShape3D_eclqa"]
size = Vector3(1, 6.58545, 12)

[sub_resource type="BoxShape3D" id="BoxShape3D_71njv"]
size = Vector3(1, 6.18457, 14.0063)

[sub_resource type="BoxShape3D" id="BoxShape3D_f2xbr"]
size = Vector3(0.649292, 7.35449, 40)

[sub_resource type="BoxShape3D" id="BoxShape3D_lbsgh"]
size = Vector3(1, 7.35449, 28)

[sub_resource type="BoxShape3D" id="BoxShape3D_8xq4n"]
size = Vector3(48, 6, 72)

[node name="lvl3" type="Node3D"]

[node name="GridMap" type="GridMap" parent="."]
transform = Transform3D(-4.37114e-08, 0, 1, 0, 1, 0, -1, 0, -4.37114e-08, 0, 0, 0)
mesh_library = ExtResource("1_dcilo")
data = {
"cells": PackedInt32Array(65518, 16, 655437, 65519, 16, 82, 65520, 16, 86, 65521, 16, 86, 65522, 16, 86, 65523, 16, 86, 65524, 16, 86, 65525, 16, 86, 65526, 16, 86, 65527, 17, 87, 65528, 17, 87, 65529, 17, 90, 65530, 16, 1, 65531, 16, 1, 65532, 16, 1, 65533, 16, 1, 65534, 16, 1, 65535, 16, 1, 0, 16, 1, 65534, 17, 1, 65533, 17, 1, 65532, 17, 1, 65531, 17, 1, 65530, 17, 1, 65526, 17, 87, 65527, 16, 86, 65528, 16, 86, 65535, 17, 1, 0, 17, 1, 1, 17, 1, 65529, 16, 91, 65525, 17, 87, 65524, 17, 87, 65523, 17, 87, 65522, 17, 87, 65521, 17, 87, 65520, 17, 87, 65519, 17, 81, 65518, 17, 655437, 65518, 18, 655437, 65518, 19, 655437, 65518, 20, 655437, 65519, 19, 81, 65519, 18, 81, 65520, 18, 87, 65521, 18, 87, 65522, 18, 87, 65523, 18, 87, 65525, 18, 87, 65526, 18, 87, 65524, 18, 87, 65523, 19, 87, 65521, 19, 87, 65520, 19, 87, 65522, 19, 87, 65521, 20, 88, 65520, 20, 88, 65532, 20, 1, 65533, 20, 1, 65534, 20, 1, 65535, 20, 655437, 0, 20, 655437, 1, 20, 1, 2, 20, 1, 65531, 20, 1, 65530, 20, 1, 65529, 20, 89, 65528, 20, 88, 65527, 20, 88, 65526, 20, 88, 65525, 20, 88, 65524, 20, 88, 65523, 20, 88, 65522, 20, 88, 65525, 19, 87, 65526, 19, 87, 65524, 19, 87, 65527, 19, 87, 65529, 19, 90, 65532, 19, 1, 65535, 19, 1, 0, 19, 1, 65535, 18, 1, 65534, 18, 1, 65533, 18, 1, 65531, 18, 1, 65529, 18, 90, 65528, 18, 87, 65528, 19, 87, 65530, 19, 1, 65527, 18, 87, 65531, 19, 1, 65532, 18, 1, 65530, 18, 1, 65533, 19, 1, 65534, 19, 1, 3, 20, 1, 4, 20, 1, 5, 20, 1, 6, 20, 1, 7, 20, 80, 8, 20, 88, 9, 20, 88, 10, 20, 88, 11, 20, 88, 11, 19, 87, 10, 19, 87, 9, 19, 87, 7, 19, 81, 5, 19, 1, 3, 19, 1, 2, 19, 1, 1, 19, 1, 0, 18, 1, 1, 18, 1, 2, 18, 1, 2, 17, 1, 1, 16, 1, 2, 16, 1, 3, 16, 1, 4, 16, 1, 5, 16, 1, 6, 16, 1, 7, 16, 82, 8, 16, 86, 9, 16, 86, 10, 16, 86, 11, 16, 86, 12, 16, 86, 13, 16, 86, 14, 16, 86, 15, 16, 91, 16, 16, 0, 16, 17, 0, 16, 18, 0, 15, 18, 90, 14, 18, 87, 13, 18, 87, 12, 18, 87, 11, 18, 87, 10, 18, 87, 9, 18, 87, 8, 18, 87, 7, 18, 81, 6, 18, 1, 5, 18, 1, 4, 18, 1, 3, 18, 1, 3, 17, 1, 4, 17, 1, 5, 17, 1, 6, 17, 1, 4, 19, 1, 6, 19, 1, 8, 19, 87, 12, 19, 87, 13, 19, 87, 14, 19, 87, 15, 19, 90, 16, 19, 655437, 16, 20, 655417, 15, 20, 89, 14, 20, 88, 13, 20, 88, 12, 20, 88, 7, 17, 81, 8, 17, 87, 9, 17, 87, 10, 17, 87, 11, 17, 87, 12, 17, 87, 13, 17, 87, 14, 17, 87, 15, 17, 90, 65519, 20, 80, 65529, 21, 0, 65530, 21, 0, 65531, 21, 0, 65532, 21, 0, 65533, 21, 1, 65534, 21, 0, 65535, 21, 0, 0, 21, 0, 1, 21, 0, 2, 21, 0, 3, 21, 0, 4, 21, 0, 7, 21, 0, 6, 21, 0, 5, 21, 0, 65528, 21, 0, 65520, 15, 0, 65521, 15, 0, 65522, 15, 0, 65523, 15, 0, 65524, 15, 0, 65525, 15, 0, 65526, 15, 0, 65528, 15, 0, 65527, 15, 1, 65531, 15, 0, 65533, 15, 0, 65532, 15, 0, 65530, 15, 0, 65535, 15, 0, 0, 15, 0, 8, 15, 0, 9, 15, 0, 10, 15, 0, 7, 15, 0, 6, 15, 0, 5, 15, 0, 4, 15, 0, 3, 15, 1, 65534, 15, 0, 11, 15, 0, 12, 15, 0, 13, 15, 0, 14, 15, 0, 15, 15, 0, 16, 15, 0, 65518, 15, 0, 65519, 15, 0, 65529, 15, 0, 9, 21, 0, 10, 21, 0, 11, 21, 0, 12, 21, 0, 13, 21, 0, 14, 21, 0, 16, 21, 1441835, 17, 20, 1048631, 17, 19, 1048629, 17, 18, 1441836, 17, 17, 1441802, 17, 16, 1441802, 8, 21, 0, 17, 15, 43, 65527, 21, 1, 65523, 21, 0, 65517, 20, 1048586, 65517, 17, 1048586, 65517, 19, 1048617, 65517, 16, 1048617, 65525, 21, 0, 65521, 21, 0, 65519, 21, 0, 65524, 21, 0, 65518, 21, 0, 65517, 18, 1048620, 65522, 21, 0, 65526, 21, 0, 65520, 21, 0, 65517, 15, 0, 65517, 21, 0, 15, 21, 0, 1, 15, 0, 2, 15, 0)
}
metadata/_editor_floor_ = Vector3(0, 0, 0)
metadata/_edit_group_ = true

[node name="StaticBody3D2" type="StaticBody3D" parent="."]
transform = Transform3D(1, 0, 0, 0, 1, 0, 0, 0, 1, 31.0718, 3.01197, -18.0995)
collision_layer = 3
collision_mask = 3

[node name="StaticBody3D5" type="StaticBody3D" parent="StaticBody3D2"]
transform = Transform3D(-3.5135e-05, 0, -2, 0, 2, 0, 2, 0, -3.5135e-05, 1.94389, -4.1814, -12.0211)

[node name="Sprite3D" type="Sprite3D" parent="StaticBody3D2/StaticBody3D5"]
transform = Transform3D(-0.0233119, 0.0290037, 0.999308, 0.00385945, 0.999574, -0.0289214, -0.999721, 0.00318257, -0.0234138, 0, 2.37431, 0)
texture = ExtResource("2_dpspt")

[node name="CollisionShape3D" type="CollisionShape3D" parent="StaticBody3D2/StaticBody3D5"]
shape = SubResource("BoxShape3D_yqda7")

[node name="StaticBody3D4" type="StaticBody3D" parent="StaticBody3D2"]
transform = Transform3D(0.00820297, 0, -1.99998, 0, 2, 0, 1.99998, 0, 0.00820297, 3.67304, -4.20086, -13.1566)

[node name="Sprite3D" type="Sprite3D" parent="StaticBody3D2/StaticBody3D4"]
transform = Transform3D(-0.0233119, 0.0290037, 0.999308, 0.00385945, 0.999574, -0.0289214, -0.999721, 0.00318257, -0.0234138, 0, 2.37431, 0)
texture = ExtResource("2_dpspt")

[node name="CollisionShape3D" type="CollisionShape3D" parent="StaticBody3D2/StaticBody3D4"]
shape = SubResource("BoxShape3D_yqda7")

[node name="StaticBody3D6" type="StaticBody3D" parent="StaticBody3D2"]
transform = Transform3D(-3.5135e-05, 0, -2, 0, 2, 0, 2, 0, -3.5135e-05, -1.97416, -4.15651, -12.0151)

[node name="Sprite3D" type="Sprite3D" parent="StaticBody3D2/StaticBody3D6"]
transform = Transform3D(-0.0233119, 0.0290037, 0.999308, 0.00385945, 0.999574, -0.0289214, -0.999721, 0.00318257, -0.0234138, 0, 2.37431, 0)
texture = ExtResource("2_dpspt")

[node name="CollisionShape3D" type="CollisionShape3D" parent="StaticBody3D2/StaticBody3D6"]
shape = SubResource("BoxShape3D_yqda7")

[node name="StaticBody3D7" type="StaticBody3D" parent="StaticBody3D2"]
transform = Transform3D(0.00820297, 0, -1.99998, 0, 2, 0, 1.99998, 0, 0.00820297, -0.25429, -4.23437, -13.2244)

[node name="Sprite3D" type="Sprite3D" parent="StaticBody3D2/StaticBody3D7"]
transform = Transform3D(-0.0233119, 0.0290037, 0.999308, 0.00385945, 0.999574, -0.0289214, -0.999721, 0.00318257, -0.0234138, 0, 2.37431, 0)
texture = ExtResource("2_dpspt")

[node name="CollisionShape3D" type="CollisionShape3D" parent="StaticBody3D2/StaticBody3D7"]
shape = SubResource("BoxShape3D_yqda7")

[node name="StaticBody3D16" type="StaticBody3D" parent="StaticBody3D2"]
transform = Transform3D(-3.5135e-05, 0, -2, 0, 2, 0, 2, 0, -3.5135e-05, 9.69727, -4.15651, -12.0151)

[node name="Sprite3D" type="Sprite3D" parent="StaticBody3D2/StaticBody3D16"]
transform = Transform3D(-0.0233119, 0.0290037, 0.999308, 0.00385945, 0.999574, -0.0289214, -0.999721, 0.00318257, -0.0234138, 0, 2.37431, 0)
texture = ExtResource("2_dpspt")

[node name="CollisionShape3D" type="CollisionShape3D" parent="StaticBody3D2/StaticBody3D16"]
shape = SubResource("BoxShape3D_yqda7")

[node name="StaticBody3D17" type="StaticBody3D" parent="StaticBody3D2"]
transform = Transform3D(0.00820297, 0, -1.99998, 0, 2, 0, 1.99998, 0, 0.00820297, 11.4312, -4.20086, -13.1566)

[node name="Sprite3D" type="Sprite3D" parent="StaticBody3D2/StaticBody3D17"]
transform = Transform3D(-0.0233119, 0.0290037, 0.999308, 0.00385945, 0.999574, -0.0289214, -0.999721, 0.00318257, -0.0234138, 0, 2.37431, 0)
texture = ExtResource("2_dpspt")

[node name="CollisionShape3D" type="CollisionShape3D" parent="StaticBody3D2/StaticBody3D17"]
shape = SubResource("BoxShape3D_yqda7")

[node name="StaticBody3D18" type="StaticBody3D" parent="StaticBody3D2"]
transform = Transform3D(-3.5135e-05, 0, -2, 0, 2, 0, 2, 0, -3.5135e-05, 5.78404, -4.15651, -12.0151)

[node name="Sprite3D" type="Sprite3D" parent="StaticBody3D2/StaticBody3D18"]
transform = Transform3D(-0.0233119, 0.0290037, 0.999308, 0.00385945, 0.999574, -0.0289214, -0.999721, 0.00318257, -0.0234138, 0, 2.37431, 0)
texture = ExtResource("2_dpspt")

[node name="CollisionShape3D" type="CollisionShape3D" parent="StaticBody3D2/StaticBody3D18"]
shape = SubResource("BoxShape3D_yqda7")

[node name="StaticBody3D19" type="StaticBody3D" parent="StaticBody3D2"]
transform = Transform3D(0.00820297, 0, -1.99998, 0, 2, 0, 1.99998, 0, 0.00820297, 7.51784, -4.20086, -13.1566)

[node name="Sprite3D" type="Sprite3D" parent="StaticBody3D2/StaticBody3D19"]
transform = Transform3D(-0.0233119, 0.0290037, 0.999308, 0.00385945, 0.999574, -0.0289214, -0.999721, 0.00318257, -0.0234138, 0, 2.37431, 0)
texture = ExtResource("2_dpspt")

[node name="CollisionShape3D" type="CollisionShape3D" parent="StaticBody3D2/StaticBody3D19"]
shape = SubResource("BoxShape3D_yqda7")

[node name="StaticBody3D21" type="StaticBody3D" parent="StaticBody3D2"]
transform = Transform3D(-3.5135e-05, 0, -2, 0, 2, 0, 2, 0, -3.5135e-05, 0.237242, -4.15651, -15.0786)

[node name="Sprite3D" type="Sprite3D" parent="StaticBody3D2/StaticBody3D21"]
transform = Transform3D(-0.0233119, 0.0290037, 0.999308, 0.00385945, 0.999574, -0.0289214, -0.999721, 0.00318257, -0.0234138, 0, 2.37431, 0)
texture = ExtResource("2_dpspt")

[node name="CollisionShape3D" type="CollisionShape3D" parent="StaticBody3D2/StaticBody3D21"]
shape = SubResource("BoxShape3D_yqda7")

[node name="StaticBody3D22" type="StaticBody3D" parent="StaticBody3D2"]
transform = Transform3D(0.00820297, 0, -1.99998, 0, 2, 0, 1.99998, 0, 0.00820297, 1.97114, -4.20086, -16.2201)

[node name="Sprite3D" type="Sprite3D" parent="StaticBody3D2/StaticBody3D22"]
transform = Transform3D(-0.0233119, 0.0290037, 0.999308, 0.00385945, 0.999574, -0.0289214, -0.999721, 0.00318257, -0.0234138, 0, 2.37431, 0)
texture = ExtResource("2_dpspt")

[node name="CollisionShape3D" type="CollisionShape3D" parent="StaticBody3D2/StaticBody3D22"]
shape = SubResource("BoxShape3D_yqda7")

[node name="StaticBody3D31" type="StaticBody3D" parent="StaticBody3D2"]
transform = Transform3D(-3.5135e-05, 0, -2, 0, 2, 0, 2, 0, -3.5135e-05, 12.0973, -4.15651, -15.0786)

[node name="Sprite3D" type="Sprite3D" parent="StaticBody3D2/StaticBody3D31"]
transform = Transform3D(-0.0233119, 0.0290037, 0.999308, 0.00385945, 0.999574, -0.0289214, -0.999721, 0.00318257, -0.0234138, 0, 2.37431, 0)
texture = ExtResource("2_dpspt")

[node name="CollisionShape3D" type="CollisionShape3D" parent="StaticBody3D2/StaticBody3D31"]
shape = SubResource("BoxShape3D_yqda7")

[node name="StaticBody3D33" type="StaticBody3D" parent="StaticBody3D2"]
transform = Transform3D(-3.5135e-05, 0, -2, 0, 2, 0, 2, 0, -3.5135e-05, 7.99534, -4.15651, -15.0786)

[node name="Sprite3D" type="Sprite3D" parent="StaticBody3D2/StaticBody3D33"]
transform = Transform3D(-0.0233119, 0.0290037, 0.999308, 0.00385945, 0.999574, -0.0289214, -0.999721, 0.00318257, -0.0234138, 0, 2.37431, 0)
texture = ExtResource("2_dpspt")

[node name="CollisionShape3D" type="CollisionShape3D" parent="StaticBody3D2/StaticBody3D33"]
shape = SubResource("BoxShape3D_yqda7")

[node name="StaticBody3D34" type="StaticBody3D" parent="StaticBody3D2"]
transform = Transform3D(0.00820297, 0, -1.99998, 0, 2, 0, 1.99998, 0, 0.00820297, 9.72925, -4.20086, -16.2201)

[node name="Sprite3D" type="Sprite3D" parent="StaticBody3D2/StaticBody3D34"]
transform = Transform3D(-0.0233119, 0.0290037, 0.999308, 0.00385945, 0.999574, -0.0289214, -0.999721, 0.00318257, -0.0234138, 0, 2.37431, 0)
texture = ExtResource("2_dpspt")

[node name="CollisionShape3D" type="CollisionShape3D" parent="StaticBody3D2/StaticBody3D34"]
shape = SubResource("BoxShape3D_yqda7")

[node name="StaticBody3D35" type="StaticBody3D" parent="StaticBody3D2"]
transform = Transform3D(-3.5135e-05, 0, -2, 0, 2, 0, 2, 0, -3.5135e-05, 4.08214, -4.15651, -15.0786)

[node name="Sprite3D" type="Sprite3D" parent="StaticBody3D2/StaticBody3D35"]
transform = Transform3D(-0.0233119, 0.0290037, 0.999308, 0.00385945, 0.999574, -0.0289214, -0.999721, 0.00318257, -0.0234138, 0, 2.37431, 0)
texture = ExtResource("2_dpspt")

[node name="CollisionShape3D" type="CollisionShape3D" parent="StaticBody3D2/StaticBody3D35"]
shape = SubResource("BoxShape3D_yqda7")

[node name="StaticBody3D36" type="StaticBody3D" parent="StaticBody3D2"]
transform = Transform3D(0.00820297, 0, -1.99998, 0, 2, 0, 1.99998, 0, 0.00820297, 5.81594, -4.20086, -16.2201)

[node name="Sprite3D" type="Sprite3D" parent="StaticBody3D2/StaticBody3D36"]
transform = Transform3D(-0.0233119, 0.0290037, 0.999308, 0.00385945, 0.999574, -0.0289214, -0.999721, 0.00318257, -0.0234138, 0, 2.37431, 0)
texture = ExtResource("2_dpspt")

[node name="CollisionShape3D" type="CollisionShape3D" parent="StaticBody3D2/StaticBody3D36"]
shape = SubResource("BoxShape3D_yqda7")

[node name="StaticBody3D20" type="StaticBody3D" parent="StaticBody3D2"]
transform = Transform3D(-3.5135e-05, 0, -2, 0, 2, 0, 2, 0, -3.5135e-05, 1.93914, -4.15651, -14.2857)

[node name="Sprite3D" type="Sprite3D" parent="StaticBody3D2/StaticBody3D20"]
transform = Transform3D(-0.0233119, 0.0290037, 0.999308, 0.00385945, 0.999574, -0.0289214, -0.999721, 0.00318257, -0.0234138, 0, 2.37431, 0)
texture = ExtResource("2_dpspt")

[node name="CollisionShape3D" type="CollisionShape3D" parent="StaticBody3D2/StaticBody3D20"]
shape = SubResource("BoxShape3D_yqda7")

[node name="StaticBody3D37" type="StaticBody3D" parent="StaticBody3D2"]
transform = Transform3D(0.00820297, 0, -1.99998, 0, 2, 0, 1.99998, 0, 0.00820297, 3.67304, -4.20086, -15.4272)

[node name="Sprite3D" type="Sprite3D" parent="StaticBody3D2/StaticBody3D37"]
transform = Transform3D(-0.0233119, 0.0290037, 0.999308, 0.00385945, 0.999574, -0.0289214, -0.999721, 0.00318257, -0.0234138, 0, 2.37431, 0)
texture = ExtResource("2_dpspt")

[node name="CollisionShape3D" type="CollisionShape3D" parent="StaticBody3D2/StaticBody3D37"]
shape = SubResource("BoxShape3D_yqda7")

[node name="StaticBody3D39" type="StaticBody3D" parent="StaticBody3D2"]
transform = Transform3D(0.00820297, 0, -1.99998, 0, 2, 0, 1.99998, 0, 0.00820297, -0.240259, -4.20086, -15.4272)

[node name="Sprite3D" type="Sprite3D" parent="StaticBody3D2/StaticBody3D39"]
transform = Transform3D(-0.0233119, 0.0290037, 0.999308, 0.00385945, 0.999574, -0.0289214, -0.999721, 0.00318257, -0.0234138, 0, 2.37431, 0)
texture = ExtResource("2_dpspt")

[node name="CollisionShape3D" type="CollisionShape3D" parent="StaticBody3D2/StaticBody3D39"]
shape = SubResource("BoxShape3D_yqda7")

[node name="StaticBody3D48" type="StaticBody3D" parent="StaticBody3D2"]
transform = Transform3D(-3.5135e-05, 0, -2, 0, 2, 0, 2, 0, -3.5135e-05, 9.69727, -4.15651, -14.2857)

[node name="Sprite3D" type="Sprite3D" parent="StaticBody3D2/StaticBody3D48"]
transform = Transform3D(-0.0233119, 0.0290037, 0.999308, 0.00385945, 0.999574, -0.0289214, -0.999721, 0.00318257, -0.0234138, 0, 2.37431, 0)
texture = ExtResource("2_dpspt")

[node name="CollisionShape3D" type="CollisionShape3D" parent="StaticBody3D2/StaticBody3D48"]
shape = SubResource("BoxShape3D_yqda7")

[node name="StaticBody3D49" type="StaticBody3D" parent="StaticBody3D2"]
transform = Transform3D(0.00820297, 0, -1.99998, 0, 2, 0, 1.99998, 0, 0.00820297, 11.4312, -4.20086, -15.4272)

[node name="Sprite3D" type="Sprite3D" parent="StaticBody3D2/StaticBody3D49"]
transform = Transform3D(-0.0233119, 0.0290037, 0.999308, 0.00385945, 0.999574, -0.0289214, -0.999721, 0.00318257, -0.0234138, 0, 2.37431, 0)
texture = ExtResource("2_dpspt")

[node name="CollisionShape3D" type="CollisionShape3D" parent="StaticBody3D2/StaticBody3D49"]
shape = SubResource("BoxShape3D_yqda7")

[node name="StaticBody3D50" type="StaticBody3D" parent="StaticBody3D2"]
transform = Transform3D(-3.5135e-05, 0, -2, 0, 2, 0, 2, 0, -3.5135e-05, 5.78404, -4.15651, -14.2857)

[node name="Sprite3D" type="Sprite3D" parent="StaticBody3D2/StaticBody3D50"]
transform = Transform3D(-0.0233119, 0.0290037, 0.999308, 0.00385945, 0.999574, -0.0289214, -0.999721, 0.00318257, -0.0234138, 0, 2.37431, 0)
texture = ExtResource("2_dpspt")

[node name="CollisionShape3D" type="CollisionShape3D" parent="StaticBody3D2/StaticBody3D50"]
shape = SubResource("BoxShape3D_yqda7")

[node name="StaticBody3D51" type="StaticBody3D" parent="StaticBody3D2"]
transform = Transform3D(0.00820297, 0, -1.99998, 0, 2, 0, 1.99998, 0, 0.00820297, 7.51784, -4.20086, -15.4272)

[node name="Sprite3D" type="Sprite3D" parent="StaticBody3D2/StaticBody3D51"]
transform = Transform3D(-0.0233119, 0.0290037, 0.999308, 0.00385945, 0.999574, -0.0289214, -0.999721, 0.00318257, -0.0234138, 0, 2.37431, 0)
texture = ExtResource("2_dpspt")

[node name="CollisionShape3D" type="CollisionShape3D" parent="StaticBody3D2/StaticBody3D51"]
shape = SubResource("BoxShape3D_yqda7")

[node name="StaticBody3D52" type="StaticBody3D" parent="StaticBody3D2"]
transform = Transform3D(-3.5135e-05, 0, -2, 0, 2, 0, 2, 0, -3.5135e-05, 0.237242, -4.15651, -17.3492)

[node name="Sprite3D" type="Sprite3D" parent="StaticBody3D2/StaticBody3D52"]
transform = Transform3D(-0.0233119, 0.0290037, 0.999308, 0.00385945, 0.999574, -0.0289214, -0.999721, 0.00318257, -0.0234138, 0, 2.37431, 0)
texture = ExtResource("2_dpspt")

[node name="CollisionShape3D" type="CollisionShape3D" parent="StaticBody3D2/StaticBody3D52"]
shape = SubResource("BoxShape3D_yqda7")

[node name="StaticBody3D53" type="StaticBody3D" parent="StaticBody3D2"]
transform = Transform3D(0.00820297, 0, -1.99998, 0, 2, 0, 1.99998, 0, 0.00820297, 1.97114, -4.20086, -18.4907)

[node name="Sprite3D" type="Sprite3D" parent="StaticBody3D2/StaticBody3D53"]
transform = Transform3D(-0.0233119, 0.0290037, 0.999308, 0.00385945, 0.999574, -0.0289214, -0.999721, 0.00318257, -0.0234138, 0, 2.37431, 0)
texture = ExtResource("2_dpspt")

[node name="CollisionShape3D" type="CollisionShape3D" parent="StaticBody3D2/StaticBody3D53"]
shape = SubResource("BoxShape3D_yqda7")

[node name="StaticBody3D55" type="StaticBody3D" parent="StaticBody3D2"]
transform = Transform3D(0.00820297, 0, -1.99998, 0, 2, 0, 1.99998, 0, 0.00820297, -1.94216, -4.20086, -18.4907)

[node name="Sprite3D" type="Sprite3D" parent="StaticBody3D2/StaticBody3D55"]
transform = Transform3D(-0.0233119, 0.0290037, 0.999308, 0.00385945, 0.999574, -0.0289214, -0.999721, 0.00318257, -0.0234138, 0, 2.37431, 0)
texture = ExtResource("2_dpspt")

[node name="CollisionShape3D" type="CollisionShape3D" parent="StaticBody3D2/StaticBody3D55"]
shape = SubResource("BoxShape3D_yqda7")

[node name="StaticBody3D62" type="StaticBody3D" parent="StaticBody3D2"]
transform = Transform3D(-3.5135e-05, 0, -2, 0, 2, 0, 2, 0, -3.5135e-05, 12.0973, -4.15651, -17.3492)

[node name="Sprite3D" type="Sprite3D" parent="StaticBody3D2/StaticBody3D62"]
transform = Transform3D(-0.0233119, 0.0290037, 0.999308, 0.00385945, 0.999574, -0.0289214, -0.999721, 0.00318257, -0.0234138, 0, 2.37431, 0)
texture = ExtResource("2_dpspt")

[node name="CollisionShape3D" type="CollisionShape3D" parent="StaticBody3D2/StaticBody3D62"]
shape = SubResource("BoxShape3D_yqda7")

[node name="StaticBody3D64" type="StaticBody3D" parent="StaticBody3D2"]
transform = Transform3D(-3.5135e-05, 0, -2, 0, 2, 0, 2, 0, -3.5135e-05, 7.99534, -4.15651, -17.3492)

[node name="Sprite3D" type="Sprite3D" parent="StaticBody3D2/StaticBody3D64"]
transform = Transform3D(-0.0233119, 0.0290037, 0.999308, 0.00385945, 0.999574, -0.0289214, -0.999721, 0.00318257, -0.0234138, 0, 2.37431, 0)
texture = ExtResource("2_dpspt")

[node name="CollisionShape3D" type="CollisionShape3D" parent="StaticBody3D2/StaticBody3D64"]
shape = SubResource("BoxShape3D_yqda7")

[node name="StaticBody3D65" type="StaticBody3D" parent="StaticBody3D2"]
transform = Transform3D(0.00820297, 0, -1.99998, 0, 2, 0, 1.99998, 0, 0.00820297, 9.72925, -4.20086, -18.4907)

[node name="Sprite3D" type="Sprite3D" parent="StaticBody3D2/StaticBody3D65"]
transform = Transform3D(-0.0233119, 0.0290037, 0.999308, 0.00385945, 0.999574, -0.0289214, -0.999721, 0.00318257, -0.0234138, 0, 2.37431, 0)
texture = ExtResource("2_dpspt")

[node name="CollisionShape3D" type="CollisionShape3D" parent="StaticBody3D2/StaticBody3D65"]
shape = SubResource("BoxShape3D_yqda7")

[node name="StaticBody3D66" type="StaticBody3D" parent="StaticBody3D2"]
transform = Transform3D(-3.5135e-05, 0, -2, 0, 2, 0, 2, 0, -3.5135e-05, 4.08214, -4.15651, -17.3492)

[node name="Sprite3D" type="Sprite3D" parent="StaticBody3D2/StaticBody3D66"]
transform = Transform3D(-0.0233119, 0.0290037, 0.999308, 0.00385945, 0.999574, -0.0289214, -0.999721, 0.00318257, -0.0234138, 0, 2.37431, 0)
texture = ExtResource("2_dpspt")

[node name="CollisionShape3D" type="CollisionShape3D" parent="StaticBody3D2/StaticBody3D66"]
shape = SubResource("BoxShape3D_yqda7")

[node name="StaticBody3D67" type="StaticBody3D" parent="StaticBody3D2"]
transform = Transform3D(0.00820297, 0, -1.99998, 0, 2, 0, 1.99998, 0, 0.00820297, 5.81594, -4.20086, -18.4907)

[node name="Sprite3D" type="Sprite3D" parent="StaticBody3D2/StaticBody3D67"]
transform = Transform3D(-0.0233119, 0.0290037, 0.999308, 0.00385945, 0.999574, -0.0289214, -0.999721, 0.00318257, -0.0234138, 0, 2.37431, 0)
texture = ExtResource("2_dpspt")

[node name="CollisionShape3D" type="CollisionShape3D" parent="StaticBody3D2/StaticBody3D67"]
shape = SubResource("BoxShape3D_yqda7")

[node name="StaticBody3D8" type="StaticBody3D" parent="StaticBody3D2"]
transform = Transform3D(-1.99154, 0, -0.183733, 0, 2, 0, 0.183733, 0, -1.99154, 10.4072, -4.1814, -10.0479)

[node name="Sprite3D" type="Sprite3D" parent="StaticBody3D2/StaticBody3D8"]
transform = Transform3D(-0.0233119, 0.0290037, 0.999308, 0.00385945, 0.999574, -0.0289214, -0.999721, 0.00318257, -0.0234138, 0, 2.37431, 0)
texture = ExtResource("2_dpspt")

[node name="CollisionShape3D" type="CollisionShape3D" parent="StaticBody3D2/StaticBody3D8"]
shape = SubResource("BoxShape3D_yqda7")

[node name="StaticBody3D9" type="StaticBody3D" parent="StaticBody3D2"]
transform = Transform3D(-1.99077, 0, -0.191934, 0, 2, 0, 0.191934, 0, -1.99077, 11.6968, -4.20086, -8.4304)

[node name="Sprite3D" type="Sprite3D" parent="StaticBody3D2/StaticBody3D9"]
transform = Transform3D(-0.0233119, 0.0290037, 0.999308, 0.00385945, 0.999574, -0.0289214, -0.999721, 0.00318257, -0.0234138, 0, 2.37431, 0)
texture = ExtResource("2_dpspt")

[node name="CollisionShape3D" type="CollisionShape3D" parent="StaticBody3D2/StaticBody3D9"]
shape = SubResource("BoxShape3D_yqda7")

[node name="StaticBody3D10" type="StaticBody3D" parent="StaticBody3D2"]
transform = Transform3D(-1.99154, 0, -0.183733, 0, 2, 0, 0.183733, 0, -1.99154, 10.0412, -4.15651, -13.9488)

[node name="Sprite3D" type="Sprite3D" parent="StaticBody3D2/StaticBody3D10"]
transform = Transform3D(-0.0233119, 0.0290037, 0.999308, 0.00385945, 0.999574, -0.0289214, -0.999721, 0.00318257, -0.0234138, 0, 2.37431, 0)
texture = ExtResource("2_dpspt")

[node name="CollisionShape3D" type="CollisionShape3D" parent="StaticBody3D2/StaticBody3D10"]
shape = SubResource("BoxShape3D_yqda7")

[node name="StaticBody3D11" type="StaticBody3D" parent="StaticBody3D2"]
transform = Transform3D(-1.99077, 0, -0.191934, 0, 2, 0, 0.191934, 0, -1.99077, 11.4035, -4.23437, -12.3473)

[node name="Sprite3D" type="Sprite3D" parent="StaticBody3D2/StaticBody3D11"]
transform = Transform3D(-0.0233119, 0.0290037, 0.999308, 0.00385945, 0.999574, -0.0289214, -0.999721, 0.00318257, -0.0234138, 0, 2.37431, 0)
texture = ExtResource("2_dpspt")

[node name="CollisionShape3D" type="CollisionShape3D" parent="StaticBody3D2/StaticBody3D11"]
shape = SubResource("BoxShape3D_yqda7")

[node name="StaticBody3D23" type="StaticBody3D" parent="StaticBody3D2"]
transform = Transform3D(-1.99154, 0, -0.183733, 0, 2, 0, 0.183733, 0, -1.99154, 11.1136, -4.15651, -2.32677)

[node name="Sprite3D" type="Sprite3D" parent="StaticBody3D2/StaticBody3D23"]
transform = Transform3D(-0.0233119, 0.0290037, 0.999308, 0.00385945, 0.999574, -0.0289214, -0.999721, 0.00318257, -0.0234138, 0, 2.37431, 0)
texture = ExtResource("2_dpspt")

[node name="CollisionShape3D" type="CollisionShape3D" parent="StaticBody3D2/StaticBody3D23"]
shape = SubResource("BoxShape3D_yqda7")

[node name="StaticBody3D24" type="StaticBody3D" parent="StaticBody3D2"]
transform = Transform3D(-1.99077, 0, -0.191934, 0, 2, 0, 0.191934, 0, -1.99077, 12.4096, -4.20086, -0.705103)

[node name="Sprite3D" type="Sprite3D" parent="StaticBody3D2/StaticBody3D24"]
transform = Transform3D(-0.0233119, 0.0290037, 0.999308, 0.00385945, 0.999574, -0.0289214, -0.999721, 0.00318257, -0.0234138, 0, 2.37431, 0)
texture = ExtResource("2_dpspt")

[node name="CollisionShape3D" type="CollisionShape3D" parent="StaticBody3D2/StaticBody3D24"]
shape = SubResource("BoxShape3D_yqda7")

[node name="StaticBody3D25" type="StaticBody3D" parent="StaticBody3D2"]
transform = Transform3D(-1.99154, 0, -0.183733, 0, 2, 0, 0.183733, 0, -1.99154, 10.7541, -4.15651, -6.22344)

[node name="Sprite3D" type="Sprite3D" parent="StaticBody3D2/StaticBody3D25"]
transform = Transform3D(-0.0233119, 0.0290037, 0.999308, 0.00385945, 0.999574, -0.0289214, -0.999721, 0.00318257, -0.0234138, 0, 2.37431, 0)
texture = ExtResource("2_dpspt")

[node name="CollisionShape3D" type="CollisionShape3D" parent="StaticBody3D2/StaticBody3D25"]
shape = SubResource("BoxShape3D_yqda7")

[node name="StaticBody3D26" type="StaticBody3D" parent="StaticBody3D2"]
transform = Transform3D(-1.99077, 0, -0.191934, 0, 2, 0, 0.191934, 0, -1.99077, 12.0501, -4.20086, -4.60187)

[node name="Sprite3D" type="Sprite3D" parent="StaticBody3D2/StaticBody3D26"]
transform = Transform3D(-0.0233119, 0.0290037, 0.999308, 0.00385945, 0.999574, -0.0289214, -0.999721, 0.00318257, -0.0234138, 0, 2.37431, 0)
texture = ExtResource("2_dpspt")

[node name="CollisionShape3D" type="CollisionShape3D" parent="StaticBody3D2/StaticBody3D26"]
shape = SubResource("BoxShape3D_yqda7")

[node name="StaticBody3D27" type="StaticBody3D" parent="StaticBody3D2"]
transform = Transform3D(-1.99154, 0, -0.183733, 0, 2, 0, 0.183733, 0, -1.99154, 13.295, -4.15651, -12.0283)

[node name="Sprite3D" type="Sprite3D" parent="StaticBody3D2/StaticBody3D27"]
transform = Transform3D(-0.0233119, 0.0290037, 0.999308, 0.00385945, 0.999574, -0.0289214, -0.999721, 0.00318257, -0.0234138, 0, 2.37431, 0)
texture = ExtResource("2_dpspt")

[node name="CollisionShape3D" type="CollisionShape3D" parent="StaticBody3D2/StaticBody3D27"]
shape = SubResource("BoxShape3D_yqda7")

[node name="StaticBody3D28" type="StaticBody3D" parent="StaticBody3D2"]
transform = Transform3D(-1.99077, 0, -0.191934, 0, 2, 0, 0.191934, 0, -1.99077, 14.591, -4.20086, -10.4066)

[node name="Sprite3D" type="Sprite3D" parent="StaticBody3D2/StaticBody3D28"]
transform = Transform3D(-0.0233119, 0.0290037, 0.999308, 0.00385945, 0.999574, -0.0289214, -0.999721, 0.00318257, -0.0234138, 0, 2.37431, 0)
texture = ExtResource("2_dpspt")

[node name="CollisionShape3D" type="CollisionShape3D" parent="StaticBody3D2/StaticBody3D28"]
shape = SubResource("BoxShape3D_yqda7")

[node name="StaticBody3D32" type="StaticBody3D" parent="StaticBody3D2"]
transform = Transform3D(-1.99154, 0, -0.183733, 0, 2, 0, 0.183733, 0, -1.99154, 14.3847, -4.15651, -0.218409)

[node name="Sprite3D" type="Sprite3D" parent="StaticBody3D2/StaticBody3D32"]
transform = Transform3D(-0.0233119, 0.0290037, 0.999308, 0.00385945, 0.999574, -0.0289214, -0.999721, 0.00318257, -0.0234138, 0, 2.37431, 0)
texture = ExtResource("2_dpspt")

[node name="CollisionShape3D" type="CollisionShape3D" parent="StaticBody3D2/StaticBody3D32"]
shape = SubResource("BoxShape3D_yqda7")

[node name="StaticBody3D38" type="StaticBody3D" parent="StaticBody3D2"]
transform = Transform3D(-1.99154, 0, -0.183733, 0, 2, 0, 0.183733, 0, -1.99154, 14.0078, -4.15651, -4.30298)

[node name="Sprite3D" type="Sprite3D" parent="StaticBody3D2/StaticBody3D38"]
transform = Transform3D(-0.0233119, 0.0290037, 0.999308, 0.00385945, 0.999574, -0.0289214, -0.999721, 0.00318257, -0.0234138, 0, 2.37431, 0)
texture = ExtResource("2_dpspt")

[node name="CollisionShape3D" type="CollisionShape3D" parent="StaticBody3D2/StaticBody3D38"]
shape = SubResource("BoxShape3D_yqda7")

[node name="StaticBody3D40" type="StaticBody3D" parent="StaticBody3D2"]
transform = Transform3D(-1.99077, 0, -0.191934, 0, 2, 0, 0.191934, 0, -1.99077, 15.3038, -4.20086, -2.6813)

[node name="Sprite3D" type="Sprite3D" parent="StaticBody3D2/StaticBody3D40"]
transform = Transform3D(-0.0233119, 0.0290037, 0.999308, 0.00385945, 0.999574, -0.0289214, -0.999721, 0.00318257, -0.0234138, 0, 2.37431, 0)
texture = ExtResource("2_dpspt")

[node name="CollisionShape3D" type="CollisionShape3D" parent="StaticBody3D2/StaticBody3D40"]
shape = SubResource("BoxShape3D_yqda7")

[node name="StaticBody3D41" type="StaticBody3D" parent="StaticBody3D2"]
transform = Transform3D(-1.99154, 0, -0.183733, 0, 2, 0, 0.183733, 0, -1.99154, 13.6482, -4.15651, -8.19963)

[node name="Sprite3D" type="Sprite3D" parent="StaticBody3D2/StaticBody3D41"]
transform = Transform3D(-0.0233119, 0.0290037, 0.999308, 0.00385945, 0.999574, -0.0289214, -0.999721, 0.00318257, -0.0234138, 0, 2.37431, 0)
texture = ExtResource("2_dpspt")

[node name="CollisionShape3D" type="CollisionShape3D" parent="StaticBody3D2/StaticBody3D41"]
shape = SubResource("BoxShape3D_yqda7")

[node name="StaticBody3D42" type="StaticBody3D" parent="StaticBody3D2"]
transform = Transform3D(-1.99077, 0, -0.191934, 0, 2, 0, 0.191934, 0, -1.99077, 14.9442, -4.20086, -6.57805)

[node name="Sprite3D" type="Sprite3D" parent="StaticBody3D2/StaticBody3D42"]
transform = Transform3D(-0.0233119, 0.0290037, 0.999308, 0.00385945, 0.999574, -0.0289214, -0.999721, 0.00318257, -0.0234138, 0, 2.37431, 0)
texture = ExtResource("2_dpspt")

[node name="CollisionShape3D" type="CollisionShape3D" parent="StaticBody3D2/StaticBody3D42"]
shape = SubResource("BoxShape3D_yqda7")

[node name="StaticBody3D29" type="StaticBody3D" parent="StaticBody3D2"]
transform = Transform3D(-1.99154, 0, -0.183733, 0, 2, 0, 0.183733, 0, -1.99154, 12.6618, -4.15651, -10.2607)

[node name="Sprite3D" type="Sprite3D" parent="StaticBody3D2/StaticBody3D29"]
transform = Transform3D(-0.0233119, 0.0290037, 0.999308, 0.00385945, 0.999574, -0.0289214, -0.999721, 0.00318257, -0.0234138, 0, 2.37431, 0)
texture = ExtResource("2_dpspt")

[node name="CollisionShape3D" type="CollisionShape3D" parent="StaticBody3D2/StaticBody3D29"]
shape = SubResource("BoxShape3D_yqda7")

[node name="StaticBody3D43" type="StaticBody3D" parent="StaticBody3D2"]
transform = Transform3D(-1.99077, 0, -0.191934, 0, 2, 0, 0.191934, 0, -1.99077, 13.9578, -4.20086, -8.63902)

[node name="Sprite3D" type="Sprite3D" parent="StaticBody3D2/StaticBody3D43"]
transform = Transform3D(-0.0233119, 0.0290037, 0.999308, 0.00385945, 0.999574, -0.0289214, -0.999721, 0.00318257, -0.0234138, 0, 2.37431, 0)
texture = ExtResource("2_dpspt")

[node name="CollisionShape3D" type="CollisionShape3D" parent="StaticBody3D2/StaticBody3D43"]
shape = SubResource("BoxShape3D_yqda7")

[node name="StaticBody3D44" type="StaticBody3D" parent="StaticBody3D2"]
transform = Transform3D(-1.99077, 0, -0.191934, 0, 2, 0, 0.191934, 0, -1.99077, 13.5982, -4.20086, -12.5358)

[node name="Sprite3D" type="Sprite3D" parent="StaticBody3D2/StaticBody3D44"]
transform = Transform3D(-0.0233119, 0.0290037, 0.999308, 0.00385945, 0.999574, -0.0289214, -0.999721, 0.00318257, -0.0234138, 0, 2.37431, 0)
texture = ExtResource("2_dpspt")

[node name="CollisionShape3D" type="CollisionShape3D" parent="StaticBody3D2/StaticBody3D44"]
shape = SubResource("BoxShape3D_yqda7")

[node name="StaticBody3D54" type="StaticBody3D" parent="StaticBody3D2"]
transform = Transform3D(-1.99154, 0, -0.183733, 0, 2, 0, 0.183733, 0, -1.99154, 13.3746, -4.15651, -2.5354)

[node name="Sprite3D" type="Sprite3D" parent="StaticBody3D2/StaticBody3D54"]
transform = Transform3D(-0.0233119, 0.0290037, 0.999308, 0.00385945, 0.999574, -0.0289214, -0.999721, 0.00318257, -0.0234138, 0, 2.37431, 0)
texture = ExtResource("2_dpspt")

[node name="CollisionShape3D" type="CollisionShape3D" parent="StaticBody3D2/StaticBody3D54"]
shape = SubResource("BoxShape3D_yqda7")

[node name="StaticBody3D56" type="StaticBody3D" parent="StaticBody3D2"]
transform = Transform3D(-1.99077, 0, -0.191934, 0, 2, 0, 0.191934, 0, -1.99077, 14.6706, -4.20086, -0.913736)

[node name="Sprite3D" type="Sprite3D" parent="StaticBody3D2/StaticBody3D56"]
transform = Transform3D(-0.0233119, 0.0290037, 0.999308, 0.00385945, 0.999574, -0.0289214, -0.999721, 0.00318257, -0.0234138, 0, 2.37431, 0)
texture = ExtResource("2_dpspt")

[node name="CollisionShape3D" type="CollisionShape3D" parent="StaticBody3D2/StaticBody3D56"]
shape = SubResource("BoxShape3D_yqda7")

[node name="StaticBody3D57" type="StaticBody3D" parent="StaticBody3D2"]
transform = Transform3D(-1.99154, 0, -0.183733, 0, 2, 0, 0.183733, 0, -1.99154, 13.0151, -4.15651, -6.43207)

[node name="Sprite3D" type="Sprite3D" parent="StaticBody3D2/StaticBody3D57"]
transform = Transform3D(-0.0233119, 0.0290037, 0.999308, 0.00385945, 0.999574, -0.0289214, -0.999721, 0.00318257, -0.0234138, 0, 2.37431, 0)
texture = ExtResource("2_dpspt")

[node name="CollisionShape3D" type="CollisionShape3D" parent="StaticBody3D2/StaticBody3D57"]
shape = SubResource("BoxShape3D_yqda7")

[node name="StaticBody3D58" type="StaticBody3D" parent="StaticBody3D2"]
transform = Transform3D(-1.99077, 0, -0.191934, 0, 2, 0, 0.191934, 0, -1.99077, 14.3111, -4.20086, -4.8105)

[node name="Sprite3D" type="Sprite3D" parent="StaticBody3D2/StaticBody3D58"]
transform = Transform3D(-0.0233119, 0.0290037, 0.999308, 0.00385945, 0.999574, -0.0289214, -0.999721, 0.00318257, -0.0234138, 0, 2.37431, 0)
texture = ExtResource("2_dpspt")

[node name="CollisionShape3D" type="CollisionShape3D" parent="StaticBody3D2/StaticBody3D58"]
shape = SubResource("BoxShape3D_yqda7")

[node name="StaticBody3D59" type="StaticBody3D" parent="StaticBody3D2"]
transform = Transform3D(-1.99154, 0, -0.183733, 0, 2, 0, 0.183733, 0, -1.99154, 15.556, -4.15651, -12.2369)

[node name="Sprite3D" type="Sprite3D" parent="StaticBody3D2/StaticBody3D59"]
transform = Transform3D(-0.0233119, 0.0290037, 0.999308, 0.00385945, 0.999574, -0.0289214, -0.999721, 0.00318257, -0.0234138, 0, 2.37431, 0)
texture = ExtResource("2_dpspt")

[node name="CollisionShape3D" type="CollisionShape3D" parent="StaticBody3D2/StaticBody3D59"]
shape = SubResource("BoxShape3D_yqda7")

[node name="StaticBody3D60" type="StaticBody3D" parent="StaticBody3D2"]
transform = Transform3D(-1.99077, 0, -0.191934, 0, 2, 0, 0.191934, 0, -1.99077, 16.8519, -4.20086, -10.6152)

[node name="Sprite3D" type="Sprite3D" parent="StaticBody3D2/StaticBody3D60"]
transform = Transform3D(-0.0233119, 0.0290037, 0.999308, 0.00385945, 0.999574, -0.0289214, -0.999721, 0.00318257, -0.0234138, 0, 2.37431, 0)
texture = ExtResource("2_dpspt")

[node name="CollisionShape3D" type="CollisionShape3D" parent="StaticBody3D2/StaticBody3D60"]
shape = SubResource("BoxShape3D_yqda7")

[node name="StaticBody3D61" type="StaticBody3D" parent="StaticBody3D2"]
transform = Transform3D(-1.99077, 0, -0.191934, 0, 2, 0, 0.191934, 0, -1.99077, 16.4924, -4.20086, -14.512)

[node name="Sprite3D" type="Sprite3D" parent="StaticBody3D2/StaticBody3D61"]
transform = Transform3D(-0.0233119, 0.0290037, 0.999308, 0.00385945, 0.999574, -0.0289214, -0.999721, 0.00318257, -0.0234138, 0, 2.37431, 0)
texture = ExtResource("2_dpspt")

[node name="CollisionShape3D" type="CollisionShape3D" parent="StaticBody3D2/StaticBody3D61"]
shape = SubResource("BoxShape3D_yqda7")

[node name="StaticBody3D63" type="StaticBody3D" parent="StaticBody3D2"]
transform = Transform3D(-1.99154, 0, -0.183733, 0, 2, 0, 0.183733, 0, -1.99154, 16.6457, -4.15651, -0.427038)

[node name="Sprite3D" type="Sprite3D" parent="StaticBody3D2/StaticBody3D63"]
transform = Transform3D(-0.0233119, 0.0290037, 0.999308, 0.00385945, 0.999574, -0.0289214, -0.999721, 0.00318257, -0.0234138, 0, 2.37431, 0)
texture = ExtResource("2_dpspt")

[node name="CollisionShape3D" type="CollisionShape3D" parent="StaticBody3D2/StaticBody3D63"]
shape = SubResource("BoxShape3D_yqda7")

[node name="StaticBody3D68" type="StaticBody3D" parent="StaticBody3D2"]
transform = Transform3D(-1.99154, 0, -0.183733, 0, 2, 0, 0.183733, 0, -1.99154, 16.2688, -4.15651, -4.51162)

[node name="Sprite3D" type="Sprite3D" parent="StaticBody3D2/StaticBody3D68"]
transform = Transform3D(-0.0233119, 0.0290037, 0.999308, 0.00385945, 0.999574, -0.0289214, -0.999721, 0.00318257, -0.0234138, 0, 2.37431, 0)
texture = ExtResource("2_dpspt")

[node name="CollisionShape3D" type="CollisionShape3D" parent="StaticBody3D2/StaticBody3D68"]
shape = SubResource("BoxShape3D_yqda7")

[node name="fleur" type="StaticBody3D" parent="StaticBody3D2"]
transform = Transform3D(-1.98796, 0, -0.219087, 0, 2, 0, 0.219087, 0, -1.98796, 1.94389, -4.1814, -0.524485)

[node name="Sprite3D" type="Sprite3D" parent="StaticBody3D2/fleur"]
transform = Transform3D(-0.00237444, 0.00466229, 0.45659, 0.000393107, 0.16068, -0.0132144, -0.101827, 0.000511592, -0.0106979, -3.16673, 1.21538, 4.89675)
texture = ExtResource("3_cbtcu")

[node name="CollisionShape3D" type="CollisionShape3D" parent="StaticBody3D2/fleur"]
transform = Transform3D(1, 0, 0, 0, 1, 0, 0, 0, 1, -6.39732, 0, 5.98432)
shape = SubResource("BoxShape3D_yqda7")

[node name="StaticBody3D14" type="StaticBody3D" parent="StaticBody3D2"]
transform = Transform3D(-0.0166148, 0, 0.999862, 0, 1, 0, -0.999862, 0, -0.0166148, 12.9792, -0.341608, 23.1395)

[node name="Sprite3D" type="Sprite3D" parent="StaticBody3D2/StaticBody3D14"]
texture = ExtResource("4_u3ty1")

[node name="CollisionShape3D" type="CollisionShape3D" parent="StaticBody3D2/StaticBody3D14"]
shape = SubResource("BoxShape3D_7sqdn")

[node name="StaticBody3D45" type="StaticBody3D" parent="StaticBody3D2"]
transform = Transform3D(-0.0166148, 0, 0.999862, 0, 1, 0, -0.999862, 0, -0.0166148, 12.7971, -0.341609, 19.1079)

[node name="Sprite3D" type="Sprite3D" parent="StaticBody3D2/StaticBody3D45"]
texture = ExtResource("4_u3ty1")

[node name="CollisionShape3D" type="CollisionShape3D" parent="StaticBody3D2/StaticBody3D45"]
shape = SubResource("BoxShape3D_7sqdn")

[node name="StaticBody3D46" type="StaticBody3D" parent="StaticBody3D2"]
transform = Transform3D(-0.0166148, 0, 0.999862, 0, 1, 0, -0.999862, 0, -0.0166148, 12.7039, -0.341608, 4.17918)

[node name="Sprite3D" type="Sprite3D" parent="StaticBody3D2/StaticBody3D46"]
transform = Transform3D(1, 0, 0, 0, 1, 0, 0, 0, 1, -1.13354, 0, -0.00237417)
texture = ExtResource("4_u3ty1")

[node name="CollisionShape3D" type="CollisionShape3D" parent="StaticBody3D2/StaticBody3D46"]
shape = SubResource("BoxShape3D_7sqdn")

[node name="StaticBody3D47" type="StaticBody3D" parent="StaticBody3D2"]
transform = Transform3D(-0.0166148, 0, 0.999862, 0, 1, 0, -0.999862, 0, -0.0166148, 12.6366, -0.341608, -0.453768)

[node name="Sprite3D" type="Sprite3D" parent="StaticBody3D2/StaticBody3D47"]
transform = Transform3D(1, 0, 0, 0, 1, 0, 0, 0, 1, -2.66315, 0, -0.00557756)
texture = ExtResource("5_kjwe6")

[node name="CollisionShape3D" type="CollisionShape3D" parent="StaticBody3D2/StaticBody3D47"]
shape = SubResource("BoxShape3D_7sqdn")

[node name="StaticBody3D69" type="StaticBody3D" parent="StaticBody3D2"]
