[gd_scene load_steps=16 format=3 uid="uid://cdi6o7fglb3th"]

[ext_resource type="MeshLibrary" uid="uid://gq4fld82vs" path="res://TileMap/baseMeshLibrary.tres" id="1_vjrg5"]
[ext_resource type="Script" path="res://script/music/music_layer.gd" id="2_mcv0u"]
[ext_resource type="Texture2D" uid="uid://b8s6cuss63wk7" path="res://sprites/décors/Tree 3.png" id="3_4ocui"]
[ext_resource type="Texture2D" uid="uid://dtka5vbjt0l62" path="res://sprites/flowers/Plante.png" id="4_t4ncp"]
[ext_resource type="Texture2D" uid="uid://daojphhyo5bvd" path="res://sprites/flowers/Plante-2.png" id="5_xxbo7"]
[ext_resource type="Texture2D" uid="uid://4qtyey6iqjhg" path="res://sprites/flowers/fleur1.png" id="6_vq2wk"]
[ext_resource type="Texture2D" uid="uid://dw6xpsuox7yq7" path="res://sprites/décors/Tree 2.png" id="7_h57cp"]

[sub_resource type="BoxShape3D" id="BoxShape3D_8a8ay"]
size = Vector3(0.615112, 7, 20.6314)

[sub_resource type="BoxShape3D" id="BoxShape3D_rxymb"]
size = Vector3(1, 7, 9.18362)

[sub_resource type="BoxShape3D" id="BoxShape3D_xdvo4"]
size = Vector3(1, 7, 34.3654)

[sub_resource type="BoxShape3D" id="BoxShape3D_eclqa"]
size = Vector3(1, 6.58545, 23.1104)

[sub_resource type="BoxShape3D" id="BoxShape3D_71njv"]
size = Vector3(0.812378, 6.18457, 21.9746)

[sub_resource type="BoxShape3D" id="BoxShape3D_8xq4n"]
size = Vector3(23, 6, 38)

[sub_resource type="ConvexPolygonShape3D" id="ConvexPolygonShape3D_1tklo"]
points = PackedVector3Array(0.5, 0.5, 0.5, 0.5, 0.5, -0.5, -0.5, 0.5, 0.5, 0.5, -0.5, 0.5, 0.5, -0.5, -0.5, -0.5, 0.5, -0.5, -0.5, -0.5, 0.5, -0.5, -0.5, -0.5)

[sub_resource type="BoxShape3D" id="BoxShape3D_gx2mj"]

[node name="lvl3" type="Node3D"]

[node name="GridMap" type="GridMap" parent="."]
transform = Transform3D(-4.37114e-08, 0, 1, 0, 1, 0, -1, 0, -4.37114e-08, 0, 0, 0)
mesh_library = ExtResource("1_vjrg5")
data = {
"cells": PackedInt32Array(65529, 22, 655437, 65530, 22, 655437, 65531, 22, 655437, 65532, 22, 655437, 65533, 22, 655437, 65534, 22, 655437, 65535, 22, 655437, 0, 22, 655437, 1, 22, 655437, 2, 22, 77, 3, 22, 77, 4, 22, 655437, 65529, 23, 77, 65530, 23, 77, 65531, 23, 77, 65532, 23, 1048653, 65533, 23, 1048653, 65534, 24, 77, 65535, 24, 77, 0, 24, 77, 1, 23, 1048653, 2, 23, 77, 3, 23, 1048653, 4, 23, 1048653, 0, 23, 1048653, 65535, 23, 1048653, 65534, 23, 1048653, 65532, 28, 77, 65535, 27, 1048653, 4, 25, 1048653, 65529, 24, 77, 65530, 24, 77, 65531, 24, 77, 65532, 24, 77, 65535, 25, 77, 1, 25, 77, 2, 25, 77, 3, 25, 1048653, 3, 24, 1048653, 4, 24, 77, 2, 24, 77, 65533, 24, 77, 65531, 25, 77, 65530, 25, 1048653, 65530, 27, 77, 65533, 28, 1048653, 65534, 28, 77, 65535, 28, 1048653, 2, 29, 1048653, 0, 31, 1441869, 65532, 31, 77, 65529, 31, 77, 65530, 30, 1048653, 65533, 30, 77, 0, 30, 77, 1, 30, 77, 65535, 31, 77, 65533, 31, 1048653, 65531, 31, 77, 65530, 31, 77, 65534, 31, 77, 4, 30, 77, 65531, 30, 77, 65529, 30, 77, 65532, 30, 77, 2, 30, 77, 65534, 30, 1048653, 65530, 29, 77, 65534, 29, 1048653, 0, 29, 77, 65535, 29, 1048653, 65533, 29, 77, 65529, 29, 77, 65532, 29, 77, 3, 29, 77, 65529, 28, 77, 65530, 28, 77, 65531, 27, 1048653, 65532, 27, 77, 65532, 26, 77, 65532, 25, 77, 65529, 25, 77, 65529, 27, 77, 65531, 28, 77, 65531, 26, 77, 65529, 26, 77, 65530, 26, 1048653, 65534, 25, 1048653, 0, 25, 77, 65535, 26, 77, 65534, 26, 77, 65533, 26, 77, 65533, 25, 77, 65531, 29, 77, 65534, 27, 1048653, 65533, 27, 1048653, 65535, 30, 77, 0, 28, 77, 0, 27, 77, 1, 27, 1048653, 1, 26, 77, 0, 26, 77, 1, 24, 77, 1, 28, 77, 1, 31, 77, 3, 28, 77, 3, 27, 77, 3, 26, 1048653, 2, 28, 77, 2, 27, 77, 2, 26, 77, 1, 29, 77, 3, 30, 77, 4, 29, 77, 4, 28, 77, 4, 27, 1048653, 4, 26, 1048653, 2, 31, 77, 3, 31, 77, 4, 31, 77, 5, 23, 77, 5, 24, 1048653, 5, 25, 1048653, 5, 26, 77, 5, 27, 77, 5, 28, 1048653, 5, 29, 1048653, 6, 29, 77, 6, 30, 77, 5, 30, 1048653, 5, 31, 77, 6, 31, 77, 6, 28, 77, 6, 27, 77, 6, 26, 77, 6, 25, 77, 6, 24, 77, 6, 23, 77, 6, 22, 77, 65528, 22, 77, 65528, 23, 77, 65528, 24, 77, 65528, 25, 77, 65528, 26, 77, 65528, 27, 77, 65528, 28, 77, 65528, 31, 77, 65528, 30, 77, 65528, 29, 77, 7, 31, 77, 7, 30, 77, 7, 29, 77, 7, 28, 77, 7, 27, 77, 7, 26, 77, 7, 25, 77, 7, 24, 77, 7, 23, 77, 7, 22, 77, 65528, 21, 0, 65529, 21, 0, 65530, 21, 0, 65531, 21, 0, 65532, 21, 0, 65533, 21, 0, 65534, 21, 0, 65535, 21, 0, 0, 21, 0, 1, 21, 0, 2, 21, 0, 3, 21, 0, 4, 21, 0, 5, 21, 0, 6, 21, 0, 7, 21, 0, 65527, 27, 77, 65531, 32, 1048628, 65535, 32, 1048628, 65528, 32, 1048628, 65527, 30, 77, 2, 32, 1048628, 6, 32, 1048628, 8, 29, 655437, 8, 22, 0, 8, 25, 1441869, 8, 24, 655437, 8, 30, 1048653, 5, 32, 1048584, 0, 32, 1048584, 8, 23, 1441869, 8, 28, 1441869, 7, 32, 53, 3, 32, 53, 1, 32, 53, 8, 27, 655437, 8, 31, 2, 4, 32, 7, 8, 26, 1441869, 8, 21, 0, 8, 32, 1048584, 65527, 31, 45, 65527, 25, 77, 65530, 32, 56, 65529, 32, 1048584, 65527, 28, 77, 65527, 24, 77, 65527, 29, 77, 65527, 23, 77, 65527, 26, 77, 65533, 32, 7, 65532, 32, 53, 65534, 32, 1048584, 65527, 21, 0, 65527, 22, 0, 65527, 32, 655403, 9, 22, 655415, 9, 23, 1048629, 9, 24, 655368, 9, 25, 655412, 9, 26, 1048583, 9, 27, 1048583, 9, 28, 1048629, 9, 29, 655412, 9, 30, 655368, 9, 31, 31, 9, 32, 655411, 5, 22, 0)
}
metadata/_editor_floor_ = Vector3(0, 0, 0)
metadata/_edit_group_ = true

[node name="StaticBody3D5" type="StaticBody3D" parent="."]
transform = Transform3D(1, 0, 0, 0, 1, 0, 0, 0, 1, 44.0358, 1.4236, 9.657)
collision_layer = 3
collision_mask = 3

[node name="CollisionShape3D" type="CollisionShape3D" parent="StaticBody3D5"]
transform = Transform3D(1, 0, 0, 0, 1, 0, 0, 0, 1, -2.261, 3, -1.88197)
shape = SubResource("BoxShape3D_8a8ay")

[node name="StaticBody3D6" type="StaticBody3D" parent="."]
transform = Transform3D(1, 0, 0, 0, 1, 0, 0, 0, 1, 44.0358, 1.4236, -12.343)
collision_layer = 3
collision_mask = 3

[node name="CollisionShape3D" type="CollisionShape3D" parent="StaticBody3D6"]
transform = Transform3D(1, 0, 0, 0, 1, 0, 0, 0, 1, -2.196, 6.92322, -1.98105)
shape = SubResource("BoxShape3D_rxymb")

[node name="StaticBody3D7" type="StaticBody3D" parent="."]
transform = Transform3D(1, 0, 0, 0, 1, 0, 0, 0, 1, 65.0358, 1.4236, -1.343)
collision_layer = 3
collision_mask = 3

[node name="CollisionShape3D" type="CollisionShape3D" parent="StaticBody3D7"]
transform = Transform3D(1, 0, 0, 0, 1, 0, 0, 0, 1, -1, 2, 1.68268)
shape = SubResource("BoxShape3D_xdvo4")

[node name="StaticBody3D3" type="StaticBody3D" parent="."]
transform = Transform3D(-4.37114e-08, 0, 1, 0, 1, 0, -1, 0, -4.37114e-08, 53.2013, 1.4236, -16.5993)
collision_layer = 3
collision_mask = 3

[node name="CollisionShape3D" type="CollisionShape3D" parent="StaticBody3D3"]
transform = Transform3D(1, 0, 0, 0, 1, 0, 0, 0, 1, 1.80568, 6.71594, 0.0050621)
shape = SubResource("BoxShape3D_eclqa")

[node name="StaticBody3D4" type="StaticBody3D" parent="."]
transform = Transform3D(-4.37114e-08, 0, 1, 0, 1, 0, -1, 0, -4.37114e-08, 53.2013, 1.4236, 18.1085)
collision_layer = 3
collision_mask = 3

[node name="CollisionShape3D" type="CollisionShape3D" parent="StaticBody3D4"]
transform = Transform3D(1, 0, 0, 0, 1, 0, 0, 0, 1, -0.337276, 2.59228, -0.270973)
shape = SubResource("BoxShape3D_71njv")

[node name="MusicLayerZone" type="Area3D" parent="."]
transform = Transform3D(1, 0, 0, 0, 1, 0, 0, 0, 1, 53, 4, 0)
collision_layer = 2
collision_mask = 2
script = ExtResource("2_mcv0u")
pathToRessource = "res://Musics/Boss.mp3"

[node name="CollisionShape3D" type="CollisionShape3D" parent="MusicLayerZone"]
transform = Transform3D(1, 0, 0, 0, 1, 0, 0, 0, 1, 0.5, -1, 0)
shape = SubResource("BoxShape3D_8xq4n")

[node name="Plante5" type="MeshInstance3D" parent="."]
transform = Transform3D(-8.10816e-08, 0, 1.7722, 0, 1, 0, -1.85493, 0, -7.74655e-08, 60.4844, 9.0456, -10.7484)
layers = 3

[node name="StaticBody3D" type="StaticBody3D" parent="Plante5"]
collision_layer = 0
collision_mask = 3

[node name="Sprite3D" type="Sprite3D" parent="Plante5/StaticBody3D"]
transform = Transform3D(4, 0, 2.84217e-14, 0, 6.004, 0, -2.84217e-14, 0, 4, 0, 0, 0)
texture = ExtResource("3_4ocui")

[node name="CollisionShape3D" type="CollisionShape3D" parent="Plante5/StaticBody3D"]
transform = Transform3D(1, 0, 7.10543e-15, 0, 1, 0, -1.42109e-14, 0, 1, 0.834318, -3.23309, -0.0146713)
shape = SubResource("ConvexPolygonShape3D_1tklo")

[node name="Plante6" type="MeshInstance3D" parent="."]
transform = Transform3D(-0.388384, 0, 0.921498, 0, 1, 0, -0.921498, 0, -0.388384, 46.9367, 1.52921, -10.2311)
layers = 3

[node name="StaticBody3D" type="StaticBody3D" parent="Plante6"]
collision_layer = 0
collision_mask = 3

[node name="Sprite3D" type="Sprite3D" parent="Plante6/StaticBody3D"]
transform = Transform3D(0.2, 0, 0, 0, 0.2, 0, 0, 0, 0.2, 0.253674, 3.92322, 0.137619)
texture = ExtResource("4_t4ncp")

[node name="CollisionShape3D" type="CollisionShape3D" parent="Plante6/StaticBody3D"]
transform = Transform3D(1, 0, 0, 0, 1, 0, 0, 0, 1, 0.253674, 3.92322, 0.137619)
shape = SubResource("ConvexPolygonShape3D_1tklo")

[node name="Plante7" type="MeshInstance3D" parent="."]
transform = Transform3D(-0.114573, 0, 0.993415, 0, 1, 0, -0.993415, 0, -0.114573, 48.269, 1.52921, -9.18972)
layers = 3

[node name="StaticBody3D" type="StaticBody3D" parent="Plante7"]
collision_layer = 0
collision_mask = 3

[node name="Sprite3D" type="Sprite3D" parent="Plante7/StaticBody3D"]
transform = Transform3D(0.2, 0, 0, 0, 0.2, 0, 0, 0, 0.2, 0.282081, 3.92322, 0.0610161)
texture = ExtResource("5_xxbo7")

[node name="CollisionShape3D" type="CollisionShape3D" parent="Plante7/StaticBody3D"]
transform = Transform3D(1, 0, -3.72529e-08, 0, 1, 0, 3.72529e-08, 0, 1, 0.282081, 3.92322, 0.0610161)
shape = SubResource("ConvexPolygonShape3D_1tklo")

[node name="Plante8" type="MeshInstance3D" parent="."]
transform = Transform3D(-0.114573, 0, 0.993415, 0, 1, 0, -0.993415, 0, -0.114573, 47.6204, 1.50474, -8.33276)
layers = 3

[node name="StaticBody3D" type="StaticBody3D" parent="Plante8"]
collision_layer = 0
collision_mask = 3

[node name="Sprite3D" type="Sprite3D" parent="Plante8/StaticBody3D"]
transform = Transform3D(1, 0, -3.72529e-08, 0, 1, 0, 3.72529e-08, 0, 1, 0.282084, 3.92322, 0.0610275)
texture = ExtResource("6_vq2wk")

[node name="CollisionShape3D" type="CollisionShape3D" parent="Plante8/StaticBody3D"]
transform = Transform3D(1, 0, -3.72529e-08, 0, 1, 0, 3.72529e-08, 0, 1, 0.282084, 3.92322, 0.0610275)
shape = SubResource("ConvexPolygonShape3D_1tklo")

[node name="Plante9" type="MeshInstance3D" parent="."]
transform = Transform3D(0.22388, 0, 0.974617, 0, 1, 0, -0.974617, 0, 0.22388, 56.1656, 1.52921, 10.6827)
layers = 3

[node name="StaticBody3D" type="StaticBody3D" parent="Plante9"]
collision_layer = 0
collision_mask = 3

[node name="Sprite3D" type="Sprite3D" parent="Plante9/StaticBody3D"]
transform = Transform3D(0.2, 0, 0, 0, 0.2, 0, 0, 0, 0.2, 0, 4.43739, 0)
texture = ExtResource("4_t4ncp")

[node name="CollisionShape3D" type="CollisionShape3D" parent="Plante9/StaticBody3D"]
transform = Transform3D(1, 0, 1.49012e-08, 0, 1, 0, -1.49012e-08, 0, 1, 0, 4.43739, 0)
shape = SubResource("ConvexPolygonShape3D_1tklo")

[node name="Plante10" type="MeshInstance3D" parent="."]
transform = Transform3D(0.488042, 0, 0.87282, 0, 1, 0, -0.87282, 0, 0.488042, 56.6373, 1.52921, 12.3066)
layers = 3

[node name="StaticBody3D" type="StaticBody3D" parent="Plante10"]
collision_layer = 0
collision_mask = 3

[node name="Sprite3D" type="Sprite3D" parent="Plante10/StaticBody3D"]
transform = Transform3D(0.2, 0, 0, 0, 0.2, 0, 0, 0, 0.2, 0, 4.43739, 0)
texture = ExtResource("5_xxbo7")

[node name="CollisionShape3D" type="CollisionShape3D" parent="Plante10/StaticBody3D"]
transform = Transform3D(1, 0, 2.98023e-08, 0, 1, 0, -2.98023e-08, 0, 1, 0, 4.43739, 0)
shape = SubResource("ConvexPolygonShape3D_1tklo")

[node name="Plante11" type="MeshInstance3D" parent="."]
transform = Transform3D(0.488042, 0, 0.87282, 0, 1, 0, -0.87282, 0, 0.488042, 55.61, 1.50475, 12.6224)
layers = 3

[node name="StaticBody3D" type="StaticBody3D" parent="Plante11"]
collision_layer = 0
collision_mask = 3

[node name="Sprite3D" type="Sprite3D" parent="Plante11/StaticBody3D"]
transform = Transform3D(1, 0, 2.98023e-08, 0, 1, 0, -2.98023e-08, 0, 1, 0, 4.43739, 0)
texture = ExtResource("6_vq2wk")

[node name="CollisionShape3D" type="CollisionShape3D" parent="Plante11/StaticBody3D"]
transform = Transform3D(1, 0, 2.98023e-08, 0, 1, 0, -2.98023e-08, 0, 1, 0, 4.43739, 0)
shape = SubResource("ConvexPolygonShape3D_1tklo")

[node name="StaticBody3D8" type="StaticBody3D" parent="."]
transform = Transform3D(-3.5135e-05, 0, -2, 0, 2, 0, 2, 0, -3.5135e-05, 53.0898, -5.36636, -12.0211)

[node name="Sprite3D" type="Sprite3D" parent="StaticBody3D8"]
transform = Transform3D(-0.0233119, 0.0290037, 0.999308, 0.00385945, 0.999574, -0.0289214, -0.999721, 0.00318257, -0.0234138, -0.143608, 4.33592, -0.014143)
texture = ExtResource("7_h57cp")

[node name="CollisionShape3D" type="CollisionShape3D" parent="StaticBody3D8"]
transform = Transform3D(1, 0, 0, 0, 1, 0, 0, 0, 1, -0.143608, 4.04192, -0.0141411)
shape = SubResource("BoxShape3D_gx2mj")

[node name="StaticBody3D9" type="StaticBody3D" parent="."]
transform = Transform3D(0.00820297, 0, -1.99998, 0, 2, 0, 1.99998, 0, 0.00820297, 54.819, -5.38583, -13.1566)

[node name="Sprite3D" type="Sprite3D" parent="StaticBody3D9"]
transform = Transform3D(-0.0233119, 0.0290037, 0.999308, 0.00385945, 0.999574, -0.0289214, -0.999721, 0.00318257, -0.0234138, -0.143552, 4.33592, -0.0147419)
texture = ExtResource("7_h57cp")

[node name="CollisionShape3D" type="CollisionShape3D" parent="StaticBody3D9"]
transform = Transform3D(1, 0, 0, 0, 1, 0, 0, 0, 1, -0.143552, 4.04192, -0.0147419)
shape = SubResource("BoxShape3D_gx2mj")

[node name="StaticBody3D10" type="StaticBody3D" parent="."]
transform = Transform3D(-3.5135e-05, 0, -2, 0, 2, 0, 2, 0, -3.5135e-05, 49.1718, -5.34148, -12.0151)

[node name="Sprite3D" type="Sprite3D" parent="StaticBody3D10"]
transform = Transform3D(-0.0233119, 0.0290037, 0.999308, 0.00385945, 0.999574, -0.0289214, -0.999721, 0.00318257, -0.0234138, -0.143608, 4.33592, -0.014143)
texture = ExtResource("7_h57cp")

[node name="CollisionShape3D" type="CollisionShape3D" parent="StaticBody3D10"]
transform = Transform3D(1, 0, 0, 0, 1, 0, 0, 0, 1, -0.143608, 4.04192, -0.0141411)
shape = SubResource("BoxShape3D_gx2mj")

[node name="StaticBody3D11" type="StaticBody3D" parent="."]
transform = Transform3D(0.00820297, 0, -1.99998, 0, 2, 0, 1.99998, 0, 0.00820297, 50.8916, -5.41934, -13.2244)

[node name="Sprite3D" type="Sprite3D" parent="StaticBody3D11"]
transform = Transform3D(-0.0233119, 0.0290037, 0.999308, 0.00385945, 0.999574, -0.0289214, -0.999721, 0.00318257, -0.0234138, -0.143549, 4.33592, -0.0147362)
texture = ExtResource("7_h57cp")

[node name="CollisionShape3D" type="CollisionShape3D" parent="StaticBody3D11"]
transform = Transform3D(1, 0, 0, 0, 1, 0, 0, 0, 1, -0.143549, 4.04192, -0.0147343)
shape = SubResource("BoxShape3D_gx2mj")

[node name="StaticBody3D16" type="StaticBody3D" parent="."]
transform = Transform3D(-3.5135e-05, 0, -2, 0, 2, 0, 2, 0, -3.5135e-05, 60.8432, -5.34148, -12.0151)

[node name="Sprite3D" type="Sprite3D" parent="StaticBody3D16"]
transform = Transform3D(-0.0233119, 0.0290037, 0.999308, 0.00385945, 0.999574, -0.0289214, -0.999721, 0.00318257, -0.0234138, -0.143608, 4.33592, -0.014143)
texture = ExtResource("7_h57cp")

[node name="CollisionShape3D" type="CollisionShape3D" parent="StaticBody3D16"]
transform = Transform3D(1, 0, 0, 0, 1, 0, 0, 0, 1, -0.143608, 4.04192, -0.0141411)
shape = SubResource("BoxShape3D_gx2mj")

[node name="StaticBody3D17" type="StaticBody3D" parent="."]
transform = Transform3D(0.00820297, 0, -1.99998, 0, 2, 0, 1.99998, 0, 0.00820297, 62.5771, -5.38583, -13.1566)

[node name="Sprite3D" type="Sprite3D" parent="StaticBody3D17"]
transform = Transform3D(-0.0233119, 0.0290037, 0.999308, 0.00385945, 0.999574, -0.0289214, -0.999721, 0.00318257, -0.0234138, -0.14355, 4.33592, -0.0147362)
texture = ExtResource("7_h57cp")

[node name="CollisionShape3D" type="CollisionShape3D" parent="StaticBody3D17"]
transform = Transform3D(1, 0, 0, 0, 1, 0, 0, 0, 1, -0.14355, 4.04192, -0.0147343)
shape = SubResource("BoxShape3D_gx2mj")

[node name="StaticBody3D18" type="StaticBody3D" parent="."]
transform = Transform3D(-3.5135e-05, 0, -2, 0, 2, 0, 2, 0, -3.5135e-05, 56.93, -5.34148, -12.0151)

[node name="Sprite3D" type="Sprite3D" parent="StaticBody3D18"]
transform = Transform3D(-0.0233119, 0.0290037, 0.999308, 0.00385945, 0.999574, -0.0289214, -0.999721, 0.00318257, -0.0234138, -0.143608, 4.33592, -0.014143)
texture = ExtResource("7_h57cp")

[node name="CollisionShape3D" type="CollisionShape3D" parent="StaticBody3D18"]
transform = Transform3D(1, 0, 0, 0, 1, 0, 0, 0, 1, -0.143608, 4.04192, -0.0141411)
shape = SubResource("BoxShape3D_gx2mj")

[node name="StaticBody3D19" type="StaticBody3D" parent="."]
transform = Transform3D(0.00820297, 0, -1.99998, 0, 2, 0, 1.99998, 0, 0.00820297, 58.6638, -5.38583, -13.1566)

[node name="Sprite3D" type="Sprite3D" parent="StaticBody3D19"]
transform = Transform3D(-0.0233119, 0.0290037, 0.999308, 0.00385945, 0.999574, -0.0289214, -0.999721, 0.00318257, -0.0234138, -0.14355, 4.33592, -0.0147343)
texture = ExtResource("7_h57cp")

[node name="CollisionShape3D" type="CollisionShape3D" parent="StaticBody3D19"]
transform = Transform3D(1, 0, 0, 0, 1, 0, 0, 0, 1, -0.14355, 4.04192, -0.0147324)
shape = SubResource("BoxShape3D_gx2mj")

[node name="StaticBody3D21" type="StaticBody3D" parent="."]
transform = Transform3D(-3.5135e-05, 0, -2, 0, 2, 0, 2, 0, -3.5135e-05, 51.3832, -5.34148, -15.0786)

[node name="Sprite3D" type="Sprite3D" parent="StaticBody3D21"]
transform = Transform3D(-0.0233119, 0.0290037, 0.999308, 0.00385945, 0.999574, -0.0289214, -0.999721, 0.00318257, -0.0234138, -0.143608, 4.33592, -0.014143)
texture = ExtResource("7_h57cp")

[node name="CollisionShape3D" type="CollisionShape3D" parent="StaticBody3D21"]
transform = Transform3D(1, 0, 0, 0, 1, 0, 0, 0, 1, -0.143608, 4.04192, -0.0141411)
shape = SubResource("BoxShape3D_gx2mj")

[node name="StaticBody3D22" type="StaticBody3D" parent="."]
transform = Transform3D(0.00820297, 0, -1.99998, 0, 2, 0, 1.99998, 0, 0.00820297, 53.1171, -5.38583, -16.2201)

[node name="Sprite3D" type="Sprite3D" parent="StaticBody3D22"]
transform = Transform3D(-0.0233119, 0.0290037, 0.999308, 0.00385945, 0.999574, -0.0289214, -0.999721, 0.00318257, -0.0234138, -0.14355, 4.33592, -0.0147362)
texture = ExtResource("7_h57cp")

[node name="CollisionShape3D" type="CollisionShape3D" parent="StaticBody3D22"]
transform = Transform3D(1, 0, 0, 0, 1, 0, 0, 0, 1, -0.14355, 4.04192, -0.0147343)
shape = SubResource("BoxShape3D_gx2mj")

[node name="StaticBody3D31" type="StaticBody3D" parent="."]
transform = Transform3D(-3.5135e-05, 0, -2, 0, 2, 0, 2, 0, -3.5135e-05, 63.2432, -5.34148, -15.0786)

[node name="Sprite3D" type="Sprite3D" parent="StaticBody3D31"]
transform = Transform3D(-0.0233119, 0.0290037, 0.999308, 0.00385945, 0.999574, -0.0289214, -0.999721, 0.00318257, -0.0234138, -0.14361, 4.33592, -0.014143)
texture = ExtResource("7_h57cp")

[node name="CollisionShape3D" type="CollisionShape3D" parent="StaticBody3D31"]
transform = Transform3D(1, 0, 0, 0, 1, 0, 0, 0, 1, -0.14361, 4.04192, -0.0141411)
shape = SubResource("BoxShape3D_gx2mj")

[node name="StaticBody3D33" type="StaticBody3D" parent="."]
transform = Transform3D(-3.5135e-05, 0, -2, 0, 2, 0, 2, 0, -3.5135e-05, 59.1413, -5.34148, -15.0786)

[node name="Sprite3D" type="Sprite3D" parent="StaticBody3D33"]
transform = Transform3D(-0.0233119, 0.0290037, 0.999308, 0.00385945, 0.999574, -0.0289214, -0.999721, 0.00318257, -0.0234138, -0.14361, 4.33592, -0.014143)
texture = ExtResource("7_h57cp")

[node name="CollisionShape3D" type="CollisionShape3D" parent="StaticBody3D33"]
transform = Transform3D(1, 0, 0, 0, 1, 0, 0, 0, 1, -0.14361, 4.04192, -0.0141411)
shape = SubResource("BoxShape3D_gx2mj")

[node name="StaticBody3D34" type="StaticBody3D" parent="."]
transform = Transform3D(0.00820297, 0, -1.99998, 0, 2, 0, 1.99998, 0, 0.00820297, 60.8752, -5.38583, -16.2201)

[node name="Sprite3D" type="Sprite3D" parent="StaticBody3D34"]
transform = Transform3D(-0.0233119, 0.0290037, 0.999308, 0.00385945, 0.999574, -0.0289214, -0.999721, 0.00318257, -0.0234138, -0.14355, 4.33592, -0.0147362)
texture = ExtResource("7_h57cp")

[node name="CollisionShape3D" type="CollisionShape3D" parent="StaticBody3D34"]
transform = Transform3D(1, 0, 0, 0, 1, 0, 0, 0, 1, -0.14355, 4.04192, -0.0147343)
shape = SubResource("BoxShape3D_gx2mj")

[node name="StaticBody3D35" type="StaticBody3D" parent="."]
transform = Transform3D(-3.5135e-05, 0, -2, 0, 2, 0, 2, 0, -3.5135e-05, 55.2281, -5.34148, -15.0786)

[node name="Sprite3D" type="Sprite3D" parent="StaticBody3D35"]
transform = Transform3D(-0.0233119, 0.0290037, 0.999308, 0.00385945, 0.999574, -0.0289214, -0.999721, 0.00318257, -0.0234138, -0.14361, 4.33592, -0.014143)
texture = ExtResource("7_h57cp")

[node name="CollisionShape3D" type="CollisionShape3D" parent="StaticBody3D35"]
transform = Transform3D(1, 0, 0, 0, 1, 0, 0, 0, 1, -0.14361, 4.04192, -0.0141411)
shape = SubResource("BoxShape3D_gx2mj")

[node name="StaticBody3D36" type="StaticBody3D" parent="."]
transform = Transform3D(0.00820297, 0, -1.99998, 0, 2, 0, 1.99998, 0, 0.00820297, 56.9619, -5.38583, -16.2201)

[node name="Sprite3D" type="Sprite3D" parent="StaticBody3D36"]
transform = Transform3D(-0.0233119, 0.0290037, 0.999308, 0.00385945, 0.999574, -0.0289214, -0.999721, 0.00318257, -0.0234138, -0.14355, 4.33592, -0.0147305)
texture = ExtResource("7_h57cp")

[node name="CollisionShape3D" type="CollisionShape3D" parent="StaticBody3D36"]
transform = Transform3D(1, 0, 0, 0, 1, 0, 0, 0, 1, -0.14355, 4.04192, -0.0147266)
shape = SubResource("BoxShape3D_gx2mj")

[node name="StaticBody3D20" type="StaticBody3D" parent="."]
transform = Transform3D(-3.5135e-05, 0, -2, 0, 2, 0, 2, 0, -3.5135e-05, 53.0851, -5.34148, -14.2857)

[node name="Sprite3D" type="Sprite3D" parent="StaticBody3D20"]
transform = Transform3D(-0.0233119, 0.0290037, 0.999308, 0.00385945, 0.999574, -0.0289214, -0.999721, 0.00318257, -0.0234138, -0.143608, 4.33592, -0.0141506)
texture = ExtResource("7_h57cp")

[node name="CollisionShape3D" type="CollisionShape3D" parent="StaticBody3D20"]
transform = Transform3D(1, 0, 0, 0, 1, 0, 0, 0, 1, -0.143608, 4.04192, -0.0141506)
shape = SubResource("BoxShape3D_gx2mj")

[node name="StaticBody3D37" type="StaticBody3D" parent="."]
transform = Transform3D(0.00820297, 0, -1.99998, 0, 2, 0, 1.99998, 0, 0.00820297, 54.819, -5.38583, -15.4272)

[node name="Sprite3D" type="Sprite3D" parent="StaticBody3D37"]
transform = Transform3D(-0.0233119, 0.0290037, 0.999308, 0.00385945, 0.999574, -0.0289214, -0.999721, 0.00318257, -0.0234138, -0.143551, 4.33592, -0.0147419)
texture = ExtResource("7_h57cp")

[node name="CollisionShape3D" type="CollisionShape3D" parent="StaticBody3D37"]
transform = Transform3D(1, 0, 0, 0, 1, 0, 0, 0, 1, -0.143552, 4.04192, -0.0147419)
shape = SubResource("BoxShape3D_gx2mj")

[node name="StaticBody3D39" type="StaticBody3D" parent="."]
transform = Transform3D(0.00820297, 0, -1.99998, 0, 2, 0, 1.99998, 0, 0.00820297, 50.9057, -5.38583, -15.4272)

[node name="Sprite3D" type="Sprite3D" parent="StaticBody3D39"]
transform = Transform3D(-0.0233119, 0.0290037, 0.999308, 0.00385945, 0.999574, -0.0289214, -0.999721, 0.00318257, -0.0234138, -0.143551, 4.33592, -0.0147419)
texture = ExtResource("7_h57cp")

[node name="CollisionShape3D" type="CollisionShape3D" parent="StaticBody3D39"]
transform = Transform3D(1, 0, 0, 0, 1, 0, 0, 0, 1, -0.143552, 4.04192, -0.0147419)
shape = SubResource("BoxShape3D_gx2mj")

[node name="StaticBody3D48" type="StaticBody3D" parent="."]
transform = Transform3D(-3.5135e-05, 0, -2, 0, 2, 0, 2, 0, -3.5135e-05, 60.8432, -5.34148, -14.2857)

[node name="Sprite3D" type="Sprite3D" parent="StaticBody3D48"]
transform = Transform3D(-0.0233119, 0.0290037, 0.999308, 0.00385945, 0.999574, -0.0289214, -0.999721, 0.00318257, -0.0234138, -0.143608, 4.33592, -0.0141506)
texture = ExtResource("7_h57cp")

[node name="CollisionShape3D" type="CollisionShape3D" parent="StaticBody3D48"]
transform = Transform3D(1, 0, 0, 0, 1, 0, 0, 0, 1, -0.143608, 4.04192, -0.0141506)
shape = SubResource("BoxShape3D_gx2mj")

[node name="StaticBody3D49" type="StaticBody3D" parent="."]
transform = Transform3D(0.00820297, 0, -1.99998, 0, 2, 0, 1.99998, 0, 0.00820297, 62.5771, -5.38583, -15.4272)

[node name="Sprite3D" type="Sprite3D" parent="StaticBody3D49"]
transform = Transform3D(-0.0233119, 0.0290037, 0.999308, 0.00385945, 0.999574, -0.0289214, -0.999721, 0.00318257, -0.0234138, -0.143549, 4.33592, -0.0147362)
texture = ExtResource("7_h57cp")

[node name="CollisionShape3D" type="CollisionShape3D" parent="StaticBody3D49"]
transform = Transform3D(1, 0, 0, 0, 1, 0, 0, 0, 1, -0.143549, 4.04192, -0.0147343)
shape = SubResource("BoxShape3D_gx2mj")

[node name="StaticBody3D50" type="StaticBody3D" parent="."]
transform = Transform3D(-3.5135e-05, 0, -2, 0, 2, 0, 2, 0, -3.5135e-05, 56.93, -5.34148, -14.2857)

[node name="Sprite3D" type="Sprite3D" parent="StaticBody3D50"]
transform = Transform3D(-0.0233119, 0.0290037, 0.999308, 0.00385945, 0.999574, -0.0289214, -0.999721, 0.00318257, -0.0234138, -0.143608, 4.33592, -0.0141506)
texture = ExtResource("7_h57cp")

[node name="CollisionShape3D" type="CollisionShape3D" parent="StaticBody3D50"]
transform = Transform3D(1, 0, 0, 0, 1, 0, 0, 0, 1, -0.143608, 4.04192, -0.0141506)
shape = SubResource("BoxShape3D_gx2mj")

[node name="StaticBody3D51" type="StaticBody3D" parent="."]
transform = Transform3D(0.00820297, 0, -1.99998, 0, 2, 0, 1.99998, 0, 0.00820297, 58.6638, -5.38583, -15.4272)

[node name="Sprite3D" type="Sprite3D" parent="StaticBody3D51"]
transform = Transform3D(-0.0233119, 0.0290037, 0.999308, 0.00385945, 0.999574, -0.0289214, -0.999721, 0.00318257, -0.0234138, -0.143549, 4.33592, -0.0147343)
texture = ExtResource("7_h57cp")

[node name="CollisionShape3D" type="CollisionShape3D" parent="StaticBody3D51"]
transform = Transform3D(1, 0, 0, 0, 1, 0, 0, 0, 1, -0.143549, 4.04192, -0.0147324)
shape = SubResource("BoxShape3D_gx2mj")

[node name="StaticBody3D52" type="StaticBody3D" parent="."]
transform = Transform3D(-3.5135e-05, 0, -2, 0, 2, 0, 2, 0, -3.5135e-05, 51.3832, -5.34148, -17.3492)

[node name="Sprite3D" type="Sprite3D" parent="StaticBody3D52"]
transform = Transform3D(-0.0233119, 0.0290037, 0.999308, 0.00385945, 0.999574, -0.0289214, -0.999721, 0.00318257, -0.0234138, -0.143612, 4.33592, -0.0141506)
texture = ExtResource("7_h57cp")

[node name="CollisionShape3D" type="CollisionShape3D" parent="StaticBody3D52"]
transform = Transform3D(1, 0, 0, 0, 1, 0, 0, 0, 1, -0.143613, 4.04192, -0.0141506)
shape = SubResource("BoxShape3D_gx2mj")

[node name="StaticBody3D53" type="StaticBody3D" parent="."]
transform = Transform3D(0.00820297, 0, -1.99998, 0, 2, 0, 1.99998, 0, 0.00820297, 53.1171, -5.38583, -18.4907)

[node name="Sprite3D" type="Sprite3D" parent="StaticBody3D53"]
transform = Transform3D(-0.0233119, 0.0290037, 0.999308, 0.00385945, 0.999574, -0.0289214, -0.999721, 0.00318257, -0.0234138, -0.14355, 4.33592, -0.0147419)
texture = ExtResource("7_h57cp")

[node name="CollisionShape3D" type="CollisionShape3D" parent="StaticBody3D53"]
transform = Transform3D(1, 0, 0, 0, 1, 0, 0, 0, 1, -0.14355, 4.04192, -0.0147419)
shape = SubResource("BoxShape3D_gx2mj")

[node name="StaticBody3D55" type="StaticBody3D" parent="."]
transform = Transform3D(0.00820297, 0, -1.99998, 0, 2, 0, 1.99998, 0, 0.00820297, 49.2038, -5.38583, -18.4907)

[node name="Sprite3D" type="Sprite3D" parent="StaticBody3D55"]
transform = Transform3D(-0.0233119, 0.0290037, 0.999308, 0.00385945, 0.999574, -0.0289214, -0.999721, 0.00318257, -0.0234138, -0.14355, 4.33592, -0.0147419)
texture = ExtResource("7_h57cp")

[node name="CollisionShape3D" type="CollisionShape3D" parent="StaticBody3D55"]
transform = Transform3D(1, 0, 0, 0, 1, 0, 0, 0, 1, -0.14355, 4.04192, -0.0147419)
shape = SubResource("BoxShape3D_gx2mj")

[node name="StaticBody3D62" type="StaticBody3D" parent="."]
transform = Transform3D(-3.5135e-05, 0, -2, 0, 2, 0, 2, 0, -3.5135e-05, 63.2432, -5.34148, -17.3492)

[node name="Sprite3D" type="Sprite3D" parent="StaticBody3D62"]
transform = Transform3D(-0.0233119, 0.0290037, 0.999308, 0.00385945, 0.999574, -0.0289214, -0.999721, 0.00318257, -0.0234138, -0.143612, 4.33592, -0.0141506)
texture = ExtResource("7_h57cp")

[node name="CollisionShape3D" type="CollisionShape3D" parent="StaticBody3D62"]
transform = Transform3D(1, 0, 0, 0, 1, 0, 0, 0, 1, -0.143613, 4.04192, -0.0141506)
shape = SubResource("BoxShape3D_gx2mj")

[node name="StaticBody3D64" type="StaticBody3D" parent="."]
transform = Transform3D(-3.5135e-05, 0, -2, 0, 2, 0, 2, 0, -3.5135e-05, 59.1413, -5.34148, -17.3492)

[node name="Sprite3D" type="Sprite3D" parent="StaticBody3D64"]
transform = Transform3D(-0.0233119, 0.0290037, 0.999308, 0.00385945, 0.999574, -0.0289214, -0.999721, 0.00318257, -0.0234138, -0.143609, 4.33592, -0.0141506)
texture = ExtResource("7_h57cp")

[node name="CollisionShape3D" type="CollisionShape3D" parent="StaticBody3D64"]
transform = Transform3D(1, 0, 0, 0, 1, 0, 0, 0, 1, -0.143609, 4.04192, -0.0141506)
shape = SubResource("BoxShape3D_gx2mj")

[node name="StaticBody3D65" type="StaticBody3D" parent="."]
transform = Transform3D(0.00820297, 0, -1.99998, 0, 2, 0, 1.99998, 0, 0.00820297, 60.8752, -5.38583, -18.4907)

[node name="Sprite3D" type="Sprite3D" parent="StaticBody3D65"]
transform = Transform3D(-0.0233119, 0.0290037, 0.999308, 0.00385945, 0.999574, -0.0289214, -0.999721, 0.00318257, -0.0234138, -0.14355, 4.33592, -0.0147419)
texture = ExtResource("7_h57cp")

[node name="CollisionShape3D" type="CollisionShape3D" parent="StaticBody3D65"]
transform = Transform3D(1, 0, 0, 0, 1, 0, 0, 0, 1, -0.14355, 4.04192, -0.0147419)
shape = SubResource("BoxShape3D_gx2mj")

[node name="StaticBody3D66" type="StaticBody3D" parent="."]
transform = Transform3D(-3.5135e-05, 0, -2, 0, 2, 0, 2, 0, -3.5135e-05, 55.2281, -5.34148, -17.3492)

[node name="Sprite3D" type="Sprite3D" parent="StaticBody3D66"]
transform = Transform3D(-0.0233119, 0.0290037, 0.999308, 0.00385945, 0.999574, -0.0289214, -0.999721, 0.00318257, -0.0234138, -0.143609, 4.33592, -0.0141506)
texture = ExtResource("7_h57cp")

[node name="CollisionShape3D" type="CollisionShape3D" parent="StaticBody3D66"]
transform = Transform3D(1, 0, 0, 0, 1, 0, 0, 0, 1, -0.143609, 4.04192, -0.0141506)
shape = SubResource("BoxShape3D_gx2mj")

[node name="StaticBody3D67" type="StaticBody3D" parent="."]
transform = Transform3D(0.00820297, 0, -1.99998, 0, 2, 0, 1.99998, 0, 0.00820297, 56.9619, -5.38583, -18.4907)

[node name="Sprite3D" type="Sprite3D" parent="StaticBody3D67"]
transform = Transform3D(-0.0233119, 0.0290037, 0.999308, 0.00385945, 0.999574, -0.0289214, -0.999721, 0.00318257, -0.0234138, -0.14355, 4.33592, -0.0147362)
texture = ExtResource("7_h57cp")

[node name="CollisionShape3D" type="CollisionShape3D" parent="StaticBody3D67"]
transform = Transform3D(1, 0, 0, 0, 1, 0, 0, 0, 1, -0.14355, 4.04192, -0.0147343)
shape = SubResource("BoxShape3D_gx2mj")

[node name="StaticBody3D12" type="StaticBody3D" parent="."]
transform = Transform3D(-1.99154, 0, -0.183733, 0, 2, 0, 0.183733, 0, -1.99154, 61.5531, -5.36636, -10.0479)

[node name="Sprite3D" type="Sprite3D" parent="StaticBody3D12"]
transform = Transform3D(-0.0233119, 0.0290037, 0.999308, 0.00385945, 0.999574, -0.0289214, -0.999721, 0.00318257, -0.0234138, -0.0272923, 4.33592, 0.141701)
texture = ExtResource("7_h57cp")

[node name="CollisionShape3D" type="CollisionShape3D" parent="StaticBody3D12"]
transform = Transform3D(1, 0, 0, 0, 1, 0, 0, 0, 1, -0.0272942, 4.04192, 0.141701)
shape = SubResource("BoxShape3D_gx2mj")

[node name="StaticBody3D13" type="StaticBody3D" parent="."]
transform = Transform3D(-1.99077, 0, -0.191934, 0, 2, 0, 0.191934, 0, -1.99077, 62.8427, -5.38583, -8.4304)

[node name="Sprite3D" type="Sprite3D" parent="StaticBody3D13"]
transform = Transform3D(-0.0233119, 0.0290037, 0.999309, 0.00385945, 0.999574, -0.0289214, -0.999721, 0.00318257, -0.0234138, -0.0278664, 4.33592, 0.141588)
texture = ExtResource("7_h57cp")

[node name="CollisionShape3D" type="CollisionShape3D" parent="StaticBody3D13"]
transform = Transform3D(1, 0, 5.21541e-08, 0, 1, 0, -5.21541e-08, 0, 1, -0.0278664, 6.26061, 0.141588)
shape = SubResource("BoxShape3D_gx2mj")

[node name="StaticBody3D14" type="StaticBody3D" parent="."]
transform = Transform3D(-1.99154, 0, -0.183733, 0, 2, 0, 0.183733, 0, -1.99154, 61.1872, -5.34148, -13.9488)

[node name="Sprite3D" type="Sprite3D" parent="StaticBody3D14"]
transform = Transform3D(-0.0233119, 0.0290037, 0.999308, 0.00385945, 0.999574, -0.0289214, -0.999721, 0.00318257, -0.0234138, -0.0272865, 4.33592, 0.141702)
texture = ExtResource("7_h57cp")

[node name="CollisionShape3D" type="CollisionShape3D" parent="StaticBody3D14"]
transform = Transform3D(1, 0, 0, 0, 1, 0, 0, 0, 1, -0.0272865, 4.04192, 0.141702)
shape = SubResource("BoxShape3D_gx2mj")

[node name="StaticBody3D15" type="StaticBody3D" parent="."]
transform = Transform3D(-1.99077, 0, -0.191934, 0, 2, 0, 0.191934, 0, -1.99077, 62.5494, -5.41934, -12.3473)

[node name="Sprite3D" type="Sprite3D" parent="StaticBody3D15"]
transform = Transform3D(-0.0233119, 0.0290037, 0.999309, 0.00385945, 0.999574, -0.0289214, -0.999721, 0.00318257, -0.0234138, -0.027874, 4.33592, 0.141587)
texture = ExtResource("7_h57cp")

[node name="CollisionShape3D" type="CollisionShape3D" parent="StaticBody3D15"]
transform = Transform3D(1, 0, 4.47035e-08, 0, 1, 0, -4.47035e-08, 0, 1, -0.0278759, 4.04192, 0.141587)
shape = SubResource("BoxShape3D_gx2mj")

[node name="StaticBody3D23" type="StaticBody3D" parent="."]
transform = Transform3D(-1.99154, 0, -0.183733, 0, 2, 0, 0.183733, 0, -1.99154, 62.2596, -5.79471, -2.32677)

[node name="Sprite3D" type="Sprite3D" parent="StaticBody3D23"]
transform = Transform3D(-0.0233119, 0.0290037, 0.999308, 0.00385945, 0.999574, -0.0289214, -0.999721, 0.00318257, -0.0234138, 0, 4.59301, 0)
texture = ExtResource("7_h57cp")

[node name="CollisionShape3D" type="CollisionShape3D" parent="StaticBody3D23"]
transform = Transform3D(1, 0, 0, 0, 1, 0, 0, 0, 1, -0.027298, 7.31267, 0.141701)
shape = SubResource("BoxShape3D_gx2mj")

[node name="StaticBody3D24" type="StaticBody3D" parent="."]
transform = Transform3D(-1.99077, 0, -0.191934, 0, 2, 0, 0.191934, 0, -1.99077, 63.5556, -5.38583, -0.705103)

[node name="Sprite3D" type="Sprite3D" parent="StaticBody3D24"]
transform = Transform3D(-0.0233119, 0.0290037, 0.999308, 0.00385945, 0.999574, -0.0289214, -0.999721, 0.00318257, -0.0234138, 0, 4.59301, 0)
texture = ExtResource("7_h57cp")

[node name="CollisionShape3D" type="CollisionShape3D" parent="StaticBody3D24"]
transform = Transform3D(1, 0, 5.96046e-08, 0, 1, 0, -5.96046e-08, 0, 1, -0.0278683, 7.31267, 0.14159)
shape = SubResource("BoxShape3D_gx2mj")

[node name="StaticBody3D25" type="StaticBody3D" parent="."]
transform = Transform3D(-1.99154, 0, -0.183733, 0, 2, 0, 0.183733, 0, -1.99154, 61.9, -0.862012, -6.22344)

[node name="Sprite3D" type="Sprite3D" parent="StaticBody3D25"]
transform = Transform3D(-0.0233119, 0.0290037, 0.999308, 0.00385945, 0.999574, -0.0289214, -0.999721, 0.00318257, -0.0234138, 0, 2.37431, 0)
texture = ExtResource("7_h57cp")

[node name="CollisionShape3D" type="CollisionShape3D" parent="StaticBody3D25"]
transform = Transform3D(1, 0, 0, 0, 1, 0, 0, 0, 1, -0.0272846, 6.26061, 0.1417)
shape = SubResource("BoxShape3D_gx2mj")

[node name="StaticBody3D26" type="StaticBody3D" parent="."]
transform = Transform3D(-1.99077, 0, -0.191934, 0, 2, 0, 0.191934, 0, -1.99077, 63.196, -5.38583, -4.60187)

[node name="Sprite3D" type="Sprite3D" parent="StaticBody3D26"]
transform = Transform3D(-0.0233119, 0.0290037, 0.999308, 0.00385945, 0.999574, -0.0289214, -0.999721, 0.00318257, -0.0234138, 0, 4.45462, 0)
texture = ExtResource("7_h57cp")

[node name="CollisionShape3D" type="CollisionShape3D" parent="StaticBody3D26"]
transform = Transform3D(1, 0, 5.96046e-08, 0, 1, 0, -5.96046e-08, 0, 1, -0.0278683, 7.31267, 0.141588)
shape = SubResource("BoxShape3D_gx2mj")

[node name="StaticBody3D27" type="StaticBody3D" parent="."]
transform = Transform3D(-1.99154, 0, -0.183733, 0, 2, 0, 0.183733, 0, -1.99154, 64.4409, -5.34148, -12.0283)

[node name="Sprite3D" type="Sprite3D" parent="StaticBody3D27"]
transform = Transform3D(-0.0233119, 0.0290037, 0.999308, 0.00385945, 0.999574, -0.0289214, -0.999721, 0.00318257, -0.0234138, -0.0272751, 4.33592, 0.141701)
texture = ExtResource("7_h57cp")

[node name="CollisionShape3D" type="CollisionShape3D" parent="StaticBody3D27"]
transform = Transform3D(1, 0, 0, 0, 1, 0, 0, 0, 1, -0.0272713, 4.04192, 0.141701)
shape = SubResource("BoxShape3D_gx2mj")

[node name="StaticBody3D28" type="StaticBody3D" parent="."]
transform = Transform3D(-1.99077, 0, -0.191934, 0, 2, 0, 0.191934, 0, -1.99077, 65.7369, -5.38583, -10.4066)

[node name="Sprite3D" type="Sprite3D" parent="StaticBody3D28"]
transform = Transform3D(-0.0233119, 0.0290037, 0.999309, 0.00385945, 0.999574, -0.0289214, -0.999721, 0.00318257, -0.0234138, -0.0278664, 4.33592, 0.141588)
texture = ExtResource("7_h57cp")

[node name="CollisionShape3D" type="CollisionShape3D" parent="StaticBody3D28"]
transform = Transform3D(1, 0, 4.47035e-08, 0, 1, 0, -4.47035e-08, 0, 1, -0.0278664, 4.04192, 0.141588)
shape = SubResource("BoxShape3D_gx2mj")

[node name="StaticBody3D32" type="StaticBody3D" parent="."]
transform = Transform3D(-1.99154, 0, -0.183733, 0, 2, 0, 0.183733, 0, -1.99154, 65.5306, -5.30264, -0.218409)

[node name="Sprite3D" type="Sprite3D" parent="StaticBody3D32"]
transform = Transform3D(-0.0233119, 0.0290037, 0.999308, 0.00385945, 0.999574, -0.0289214, -0.999721, 0.00318257, -0.0234138, 0, 4.59301, 0)
texture = ExtResource("7_h57cp")

[node name="CollisionShape3D" type="CollisionShape3D" parent="StaticBody3D32"]
transform = Transform3D(1, 0, 0, 0, 1, 0, 0, 0, 1, -0.0272636, 7.31267, 0.141702)
shape = SubResource("BoxShape3D_gx2mj")

[node name="StaticBody3D38" type="StaticBody3D" parent="."]
transform = Transform3D(-1.99154, 0, -0.183733, 0, 2, 0, 0.183733, 0, -1.99154, 65.1537, -5.34148, -4.30298)

[node name="Sprite3D" type="Sprite3D" parent="StaticBody3D38"]
transform = Transform3D(-0.0233119, 0.0290037, 0.999308, 0.00385945, 0.999574, -0.0289214, -0.999721, 0.00318257, -0.0234138, 0, 4.45462, 0)
texture = ExtResource("7_h57cp")

[node name="CollisionShape3D" type="CollisionShape3D" parent="StaticBody3D38"]
transform = Transform3D(1, 0, 0, 0, 1, 0, 0, 0, 1, -0.0272636, 7.31267, 0.141701)
shape = SubResource("BoxShape3D_gx2mj")

[node name="StaticBody3D40" type="StaticBody3D" parent="."]
transform = Transform3D(-1.99077, 0, -0.191934, 0, 2, 0, 0.191934, 0, -1.99077, 66.4497, -6.17627, -2.6813)

[node name="Sprite3D" type="Sprite3D" parent="StaticBody3D40"]
transform = Transform3D(-0.0233119, 0.0290037, 0.999308, 0.00385945, 0.999574, -0.0289214, -0.999721, 0.00318257, -0.0234138, 0, 4.45462, 0)
texture = ExtResource("7_h57cp")

[node name="CollisionShape3D" type="CollisionShape3D" parent="StaticBody3D40"]
transform = Transform3D(1, 0, 5.96046e-08, 0, 1, 0, -5.96046e-08, 0, 1, -0.0278473, 7.31267, 0.141588)
shape = SubResource("BoxShape3D_gx2mj")

[node name="StaticBody3D41" type="StaticBody3D" parent="."]
transform = Transform3D(-1.99154, 0, -0.183733, 0, 2, 0, 0.183733, 0, -1.99154, 64.7942, -5.34148, -8.19963)

[node name="Sprite3D" type="Sprite3D" parent="StaticBody3D41"]
transform = Transform3D(-0.0233119, 0.0290037, 0.999308, 0.00385945, 0.999574, -0.0289214, -0.999721, 0.00318257, -0.0234138, -0.0272903, 4.33592, 0.141703)
texture = ExtResource("7_h57cp")

[node name="CollisionShape3D" type="CollisionShape3D" parent="StaticBody3D41"]
transform = Transform3D(1, 0, 0, 0, 1, 0, 0, 0, 1, -0.0272903, 6.26061, 0.141704)
shape = SubResource("BoxShape3D_gx2mj")

[node name="StaticBody3D42" type="StaticBody3D" parent="."]
